Output of conv1 (shape: (1, 8, 30, 30)):

=== Batch 0 ===
-- Channel 0 --
1.497757 1.4999237 1.5028687 1.5036621 1.5034637 1.5034637 1.5034637 1.5034637 1.5034637 1.5034637 1.5045776 1.5046387 1.5037842 1.5037842 1.5037842 1.5037842 1.5037842 1.5037842 1.5037842 1.5037842 1.5037842 1.5037842 1.498764 1.5035553 1.5003662 1.5037842 1.5037842 1.5037842 1.5037842 1.5037842
1.4995117 1.4993286 1.4999695 1.5042572 1.5036621 1.5037842 1.5037842 1.5037842 1.5037842 1.5037842 1.5037842 1.5037842 1.5037842 1.5037842 1.5037842 1.5037842 1.5037842 1.5037842 1.5037842 1.5037842 1.5037842 1.4998932 1.4838867 1.5067291 1.4992371 1.5037842 1.5037842 1.5037842 1.5037842 1.5037842
1.5019836 1.4986572 1.4966888 1.5017548 1.4996643 1.5036621 1.5037842 1.5037842 1.5037842 1.5037842 1.5037842 1.5037842 1.5037842 1.5037842 1.5037842 1.5037842 1.5037842 1.5037842 1.5037842 1.5037842 1.5037842 1.494873 1.4763794 1.5013733 1.4892273 1.5037842 1.5037842 1.5037842 1.5037842 1.5037842
1.5026703 1.4938049 1.4868164 1.4994812 1.4962463 1.4991608 1.5037842 1.5037842 1.5037842 1.5037842 1.5037842 1.5037842 1.5037842 1.5037842 1.5037842 1.5037842 1.5037842 1.5037842 1.5037842 1.5037842 1.5037842 1.4924011 1.4551849 1.4994049 1.484024 1.5036621 1.5037842 1.5037842 1.5037842 1.5037842
1.5037842 1.4794464 1.4564514 1.4941864 1.4895172 1.4994049 1.5037842 1.5037842 1.5037842 1.5037842 1.5037842 1.5037842 1.5037842 1.5037842 1.5037842 1.5037842 1.5037842 1.5037842 1.5037842 1.5037842 1.5037842 1.489624 1.4161682 1.4805908 1.477066 1.4989014 1.5049896 1.5037842 1.5037842 1.5037842
1.4974823 1.475357 1.4577637 1.4745178 1.4642792 1.4989014 1.5049896 1.5037842 1.5037842 1.5023041 1.5045929 1.5034637 1.5037842 1.5037842 1.5037842 1.5037842 1.5037842 1.5023041 1.5031128 1.5027924 1.5017853 1.4869995 1.3394012 1.4597473 1.4317627 1.4770813 1.5023651 1.5036621 1.5043182 1.4978943
1.4965057 1.4411011 1.3974915 1.4698792 1.4702911 1.4935608 1.5036621 1.5037842 1.5023041 1.5011749 1.5056152 1.5023193 1.5037842 1.5037842 1.5037842 1.5037842 1.5037842 1.5018463 1.5046692 1.5027161 1.501358 1.487915 1.3605804 1.4420624 1.3808289 1.4585876 1.4957886 1.4995728 1.5028534 1.497818
1.4591675 1.3182373 1.4112091 1.4317017 1.4351959 1.477478 1.5000763 1.5036011 1.5006409 1.4991608 1.5008392 1.4971771 1.5038147 1.5037384 1.5042572 1.5049896 1.4970093 1.494812 1.4982605 1.4934387 1.499176 1.4859924 1.3570862 1.4570312 1.395401 1.3931885 1.4431 1.4542847 1.4575043 1.4899292
1.3978119 1.2141418 1.2125092 1.21875 1.3596954 1.4418488 1.5016022 1.4982605 1.4980164 1.493927 1.4922638 1.4925842 1.4967957 1.4977722 1.50354 1.5039825 1.4983063 1.4923706 1.4922485 1.491684 1.4537354 1.4207306 1.3064575 1.2460022 1.1037292 1.0596466 1.0591125 1.0308533 1.0859375 1.4217072
1.368042 1.1694794 1.1684265 1.0727844 1.1476288 1.2657318 1.4130249 1.4389038 1.463501 1.4591675 1.490097 1.481781 1.4941406 1.4936371 1.4992676 1.4841309 1.437561 1.4022217 1.3816376 1.2996826 1.2278442 1.1753693 0.9938812 0.89608765 0.74072266 0.57777405 0.49441528 0.46697998 0.56007385 1.0631104
1.3088989 1.2105865 1.1634979 1.1291962 1.1585236 1.2423401 1.3379517 1.2935944 1.4424591 1.4103851 1.4347229 1.4329071 1.4954376 1.4775696 1.4936371 1.3855743 1.1684113 1.08107 1.0024719 0.92219543 0.8134918 0.70088196 0.50694275 0.35081482 0.13925171 0.11730957 0.12269592 0.12123108 0.2652588 1.0384674
1.3118896 1.2944794 1.1937714 1.1789398 1.2084961 1.2703247 1.3253632 1.3027344 1.4230347 1.3233032 1.3282928 1.2783813 1.4110107 1.399826 1.4172363 1.2271271 0.9351959 0.75601196 0.5482483 0.4693451 0.30174255 0.20603943 0.091049194 0.0796814 0.08215332 0.08201599 0.06996155 0.07966614 0.28430176 1.060257
1.2996216 1.3221893 1.249588 1.2467346 1.2657928 1.2223816 1.2169342 1.1661224 1.1733856 1.1631622 1.2410889 1.1978455 1.2136383 1.1358337 1.2149963 0.89697266 0.5847473 0.4031067 0.1748352 0.17185974 0.16786194 0.22138977 0.14057922 0.07632446 0.0921936 0.07992554 0.090270996 0.08761597 0.3556671 1.0839233
1.1008911 1.1057892 1.1223602 1.1217957 1.1487579 1.1360779 1.1013031 1.0225677 1.0081177 0.97953796 0.8784332 0.84213257 0.9289093 0.8847351 0.8751068 0.59588623 0.3863678 0.24078369 0.1524353 0.22167969 0.18156433 0.11140442 0.094818115 0.06590271 0.08540344 0.08331299 0.098983765 0.09817505 0.4453888 1.0673676
0.88105774 0.8126831 0.8424835 0.87387085 0.84695435 0.7609253 0.7484131 0.77523804 0.6976471 0.69052124 0.5853729 0.57502747 0.6371765 0.52249146 0.51005554 0.2909088 0.2233429 0.14404297 0.101867676 0.11685181 0.14938354 0.09790039 0.11166382 0.050720215 0.0572052 0.05909729 0.07992554 0.13893127 0.6370239 1.050827
0.6001892 0.589386 0.5580292 0.5485687 0.55081177 0.52952576 0.55892944 0.49238586 0.400177 0.3901825 0.3617096 0.32232666 0.34664917 0.32852173 0.29818726 0.17428589 0.15112305 0.13865662 0.11672974 0.11375427 0.17007446 0.08660889 0.11679077 0.05239868 0.03024292 0.050842285 0.07357788 0.3827362 0.78427124 1.0960388
0.655365 0.50605774 0.5106659 0.44725037 0.40716553 0.40673828 0.39414978 0.3719635 0.35435486 0.31349182 0.3043518 0.30474854 0.37416077 0.3117981 0.3163452 0.3058014 0.24749756 0.21708679 0.19023132 0.17767334 0.21240234 0.11578369 0.10089111 0.058898926 0.033981323 0.05847168 0.29467773 0.59495544 1.0033112 1.2695312
0.7559967 0.5513611 0.47280884 0.44750977 0.44282532 0.44354248 0.47531128 0.45509338 0.44612122 0.43193054 0.41697693 0.42530823 0.441864 0.45002747 0.41227722 0.3715515 0.29264832 0.25297546 0.22187805 0.21116638 0.17970276 0.15739441 0.11306763 0.077056885 0.053146362 0.1149292 0.4136963 0.7976074 1.0901794 1.2968903
0.78326416 0.707016 0.5546112 0.5445862 0.54263306 0.5382538 0.5300293 0.5179901 0.4931183 0.45361328 0.43989563 0.4255066 0.43113708 0.42193604 0.38461304 0.36335754 0.35673523 0.284729 0.21369934 0.20643616 0.22138977 0.17108154 0.15950012 0.12333679 0.07815552 0.29003906 0.6433563 0.83387756 1.0324402 1.0936279
0.82977295 0.83561707 0.74072266 0.6780548 0.6538849 0.70166016 0.7303009 0.67626953 0.62971497 0.5918579 0.5390167 0.5030365 0.4889984 0.46377563 0.44700623 0.40078735 0.34291077 0.3276062 0.32559204 0.3078003 0.25926208 0.17366028 0.21200562 0.16993713 0.124801636 0.31973267 0.59632874 0.75923157 0.910202 0.9080658
0.9725647 0.9470825 0.9174957 0.8764801 0.8339691 0.7898102 0.8218689 0.8580017 0.8496094 0.8210144 0.80174255 0.7440796 0.695282 0.6749573 0.66067505 0.6392822 0.6267853 0.5070801 0.43925476 0.4081421 0.3695221 0.30789185 0.28631592 0.23661804 0.21928406 0.42344666 0.45561218 0.54255676 0.6710205 0.7330322
1.0258179 1.0225677 1.0014038 0.9698639 0.9259491 0.93699646 0.9047699 0.9290619 0.957428 0.9563446 0.9511719 0.9226837 0.91708374 0.8982086 0.88053894 0.8382263 0.76086426 0.71229553 0.66448975 0.6524811 0.61491394 0.50302124 0.47094727 0.4108734 0.36418152 0.47070312 0.44732666 0.47659302 0.5792999 0.6558075
0.98568726 0.98217773 0.9948883 0.9450226 0.92645264 0.926651 0.9331665 0.94096375 0.9310608 0.9575958 0.9703522 0.9397583 0.8923187 0.9415283 0.97299194 0.9295654 0.89419556 0.86213684 0.81651306 0.77656555 0.727005 0.6920166 0.6413269 0.6405945 0.5601196 0.55778503 0.5618286 0.55178833 0.5923767 0.6699524
0.96183777 0.9365387 0.98864746 0.97462463 0.9601135 0.94615173 0.92910767 0.93663025 0.9028168 0.9238739 0.9176483 0.93218994 0.92936707 0.9087982 0.8543854 0.85839844 0.89167786 0.88308716 0.8543091 0.8139343 0.7665863 0.7139282 0.6752167 0.65512085 0.67948914 0.6811981 0.6671448 0.6586304 0.6815796 0.7204895
0.9857025 0.9779053 0.9687805 0.9523163 0.9457092 0.9324341 0.91316223 0.9420471 0.91871643 0.93652344 0.8933258 0.92866516 0.89715576 0.9430847 0.9482422 0.8796692 0.8523865 0.85980225 0.8440094 0.84381104 0.8040924 0.7331848 0.69973755 0.68943787 0.6950989 0.7005768 0.66619873 0.6455078 0.6848297 0.7342682
0.9342499 0.9226532 0.9301758 0.90093994 0.9299011 0.9306183 0.9213257 0.839447 0.87402344 0.8947296 0.85647583 0.92326355 0.9037018 0.93640137 0.8894348 0.8544159 0.82162476 0.8922882 0.8575592 0.8148041 0.7788849 0.7477417 0.7350769 0.7283325 0.72998047 0.7310028 0.7273712 0.6947174 0.6750946 0.71876526
0.89434814 0.9069824 0.88352966 0.89419556 0.8814087 0.86032104 0.833374 0.7942047 0.8502655 0.8100586 0.8215637 0.87202454 0.8625946 0.9242554 0.88453674 0.8426361 0.834198 0.82450867 0.7549286 0.7864075 0.7676544 0.7163849 0.71315 0.7197113 0.71507263 0.6939392 0.66625977 0.63357544 0.7020874 0.70401
0.8592682 0.8672638 0.8500519 0.85209656 0.846756 0.81799316 0.8349762 0.72683716 0.78689575 0.7658081 0.8154602 0.888855 0.8738861 0.90234375 0.8687439 0.79434204 0.7201843 0.7789612 0.75868225 0.7485504 0.7352295 0.69407654 0.687088 0.6575775 0.6645813 0.6468353 0.6416168 0.61083984 0.66018677 0.70225525
0.7610626 0.772583 0.81663513 0.8518982 0.85639954 0.80140686 0.7171936 0.5986023 0.8440857 0.7957611 0.81980896 0.8038025 0.8612366 0.8787079 0.8400116 0.8025665 0.8357086 0.7987976 0.74868774 0.736969 0.7111969 0.6692505 0.6877899 0.6578522 0.6584778 0.6152344 0.62112427 0.6023865 0.6609955 0.6680145
0.7640381 0.77890015 0.7959442 0.77864075 0.6963196 0.74194336 0.6304321 0.50878906 0.6771393 0.7230377 0.81425476 0.82029724 0.7802582 0.78512573 0.8293152 0.8073425 0.8148041 0.8025665 0.7685852 0.7365875 0.7120209 0.6997223 0.7007141 0.67852783 0.6481018 0.6515198 0.63383484 0.6164856 0.6454315 0.6599426

-- Channel 1 --
-0.6150665 -0.6167755 -0.6173706 -0.61842346 -0.6189575 -0.6189575 -0.6189575 -0.6189575 -0.6189575 -0.6189575 -0.6197815 -0.6208191 -0.6201172 -0.6201172 -0.6201172 -0.6201172 -0.6201172 -0.6201172 -0.6201172 -0.6201172 -0.6201172 -0.6201172 -0.6194458 -0.61717224 -0.62072754 -0.6201172 -0.6201172 -0.6201172 -0.6201172 -0.6201172
-0.6188965 -0.61735535 -0.6167908 -0.6182556 -0.62117004 -0.6201172 -0.6201172 -0.6201172 -0.6201172 -0.6201172 -0.6201172 -0.6201172 -0.6201172 -0.6201172 -0.6201172 -0.6201172 -0.6201172 -0.6201172 -0.6201172 -0.6201172 -0.6201172 -0.618042 -0.6110077 -0.6108551 -0.6246338 -0.6201172 -0.6201172 -0.6201172 -0.6201172 -0.6201172
-0.6199341 -0.61650085 -0.6150055 -0.6164856 -0.619751 -0.62117004 -0.6201172 -0.6201172 -0.6201172 -0.6201172 -0.6201172 -0.6201172 -0.6201172 -0.6201172 -0.6201172 -0.6201172 -0.6201172 -0.6201172 -0.6201172 -0.6201172 -0.6201172 -0.6173706 -0.610199 -0.6061096 -0.62435913 -0.6201172 -0.6201172 -0.6201172 -0.6201172 -0.6201172
-0.6192932 -0.61569214 -0.6106415 -0.61221313 -0.6231537 -0.6204376 -0.6201172 -0.6201172 -0.6201172 -0.6201172 -0.6201172 -0.6201172 -0.6201172 -0.6201172 -0.6201172 -0.6201172 -0.6201172 -0.6201172 -0.6201172 -0.6201172 -0.6201172 -0.6198425 -0.6030426 -0.59243774 -0.6265259 -0.62117004 -0.6201172 -0.6201172 -0.6201172 -0.6201172
-0.6201172 -0.6130371 -0.59191895 -0.5979004 -0.6279144 -0.6220093 -0.6201172 -0.6201172 -0.6201172 -0.6201172 -0.6201172 -0.6201172 -0.6201172 -0.6201172 -0.6201172 -0.6201172 -0.6201172 -0.6201172 -0.6201172 -0.6201172 -0.6201172 -0.6194763 -0.5867462 -0.5612488 -0.62368774 -0.6256714 -0.6204071 -0.6201172 -0.6201172 -0.6201172
-0.61686707 -0.6144867 -0.605484 -0.5919037 -0.61906433 -0.62127686 -0.6204071 -0.6201172 -0.6201172 -0.6192169 -0.61883545 -0.62054443 -0.6201172 -0.6201172 -0.6201172 -0.6201172 -0.6201172 -0.6192169 -0.6179352 -0.6183624 -0.61772156 -0.61369324 -0.5652771 -0.52124023 -0.6131592 -0.6199951 -0.617218 -0.6188507 -0.6182251 -0.61564636
-0.62049866 -0.6008606 -0.558136 -0.56103516 -0.62524414 -0.6240387 -0.6200104 -0.6201172 -0.6192169 -0.61639404 -0.61660767 -0.62168884 -0.6201172 -0.6201172 -0.6201172 -0.6201172 -0.6201172 -0.61857605 -0.6168213 -0.61924744 -0.61834717 -0.6160736 -0.6213379 -0.53292847 -0.5927429 -0.61720276 -0.61972046 -0.61816406 -0.61727905 -0.61857605
-0.600296 -0.521286 -0.51794434 -0.5936279 -0.6125183 -0.62127686 -0.6199646 -0.6196594 -0.6186676 -0.6143799 -0.61424255 -0.61550903 -0.6165619 -0.6192169 -0.6190338 -0.6204071 -0.61660767 -0.6119385 -0.6145935 -0.6147003 -0.6163025 -0.6201019 -0.6048584 -0.5198822 -0.57662964 -0.55233765 -0.55015564 -0.5879669 -0.58750916 -0.6074219
-0.57621765 -0.50523376 -0.3930664 -0.45495605 -0.54725647 -0.595932 -0.62420654 -0.6309204 -0.6196594 -0.61828613 -0.61335754 -0.6126709 -0.6139374 -0.61750793 -0.6181183 -0.61958313 -0.62068176 -0.6172638 -0.61621094 -0.6188965 -0.5976105 -0.56303406 -0.5083771 -0.41056824 -0.3428955 -0.3040161 -0.3060608 -0.3257141 -0.34051514 -0.50901794
-0.59181213 -0.53186035 -0.40301514 -0.4493103 -0.47927856 -0.5206604 -0.58781433 -0.62384033 -0.5904083 -0.5854645 -0.6052246 -0.6171875 -0.61161804 -0.6175232 -0.6156311 -0.60801697 -0.5804138 -0.5445862 -0.5233002 -0.47911072 -0.42044067 -0.38494873 -0.34503174 -0.29815674 -0.31253052 -0.26963806 -0.21783447 -0.24069214 -0.27363586 -0.3882904
-0.5689087 -0.48690796 -0.45550537 -0.46524048 -0.50131226 -0.5522003 -0.5746155 -0.5663147 -0.54663086 -0.5933838 -0.5843506 -0.603714 -0.60775757 -0.6197815 -0.61206055 -0.5667114 -0.4189453 -0.3080597 -0.30334473 -0.31433105 -0.30500793 -0.26364136 -0.26696777 -0.18215942 -0.097473145 -0.03718567 -0.05595398 -0.06982422 -0.103027344 -0.2783661
-0.55418396 -0.48176575 -0.49476624 -0.46543884 -0.4674225 -0.500412 -0.5148926 -0.5527954 -0.5402374 -0.5903778 -0.5296631 -0.49414062 -0.5120697 -0.5890503 -0.56274414 -0.5161133 -0.38893127 -0.25350952 -0.26115417 -0.29118347 -0.2291565 -0.10923767 -0.07849121 -0.032455444 -0.041275024 -0.05380249 -0.054092407 -0.050476074 -0.08268738 -0.28938293
-0.49971008 -0.503479 -0.5404358 -0.5316162 -0.5084686 -0.4912262 -0.4862976 -0.4883423 -0.38206482 -0.43844604 -0.49858093 -0.5009155 -0.45187378 -0.4930725 -0.48094177 -0.42218018 -0.24980164 -0.09146118 -0.06317139 -0.026046753 -0.06607056 -0.071121216 -0.055221558 -0.043701172 -0.04145813 -0.049987793 -0.043945312 -0.04786682 -0.08828735 -0.32521057
-0.38165283 -0.3861084 -0.4502411 -0.4321289 -0.4134674 -0.45335388 -0.47146606 -0.4230194 -0.39401245 -0.3935089 -0.3988037 -0.3449402 -0.30514526 -0.38017273 -0.34794617 -0.32655334 -0.16069031 -0.048034668 -0.07234192 -0.080078125 -0.15107727 -0.08103943 -0.016342163 -0.026519775 -0.01713562 -0.0491333 -0.04660034 -0.045410156 -0.122528076 -0.37127686
-0.33892822 -0.34040833 -0.3768158 -0.3907776 -0.35820007 -0.31555176 -0.24674988 -0.27366638 -0.30659485 -0.22366333 -0.2310791 -0.23570251 -0.25183105 -0.25872803 -0.2122345 -0.21688843 -0.07511902 -0.042999268 -0.061538696 -0.059066772 -0.069625854 -0.08660889 -0.0365448 -0.017242432 -0.00944519 -0.02545166 -0.038360596 -0.064193726 -0.20158386 -0.4710083
-0.18821716 -0.24649048 -0.27262878 -0.2683258 -0.2623291 -0.24861145 -0.26132202 -0.2902527 -0.24842834 -0.20384216 -0.20787048 -0.21237183 -0.18881226 -0.22932434 -0.19172668 -0.12538147 -0.08203125 -0.08581543 -0.08691406 -0.07637024 -0.061782837 -0.11166382 -0.052871704 -0.028533936 -0.015182495 -0.014053345 -0.03767395 -0.18069458 -0.30541992 -0.5206146
-0.17904663 -0.20176697 -0.25502014 -0.26164246 -0.2318573 -0.22579956 -0.22741699 -0.21754456 -0.20196533 -0.18083191 -0.15489197 -0.15496826 -0.17041016 -0.1912384 -0.13624573 -0.12034607 -0.12232971 -0.105895996 -0.104644775 -0.100738525 -0.1085968 -0.12234497 -0.068878174 -0.048065186 -0.024917603 -0.02281189 -0.1533966 -0.26953125 -0.4086151 -0.6201019
-0.21173096 -0.15180969 -0.18119812 -0.18276978 -0.18141174 -0.17680359 -0.19335938 -0.20405579 -0.18075562 -0.17936707 -0.16615295 -0.162323 -0.17741394 -0.18763733 -0.20429993 -0.18838501 -0.15802002 -0.1333313 -0.12513733 -0.12020874 -0.11526489 -0.10649109 -0.08753967 -0.058624268 -0.04248047 -0.05747986 -0.1331482 -0.27586365 -0.48568726 -0.5417328
-0.3311615 -0.26950073 -0.27389526 -0.28149414 -0.28886414 -0.2746277 -0.2618103 -0.26831055 -0.2532196 -0.23272705 -0.21603394 -0.20343018 -0.19868469 -0.20385742 -0.21244812 -0.20933533 -0.23251343 -0.21562195 -0.14459229 -0.113845825 -0.1321106 -0.12445068 -0.10127258 -0.09681702 -0.062088013 -0.12599182 -0.2337799 -0.42099 -0.48553467 -0.46879578
-0.4069519 -0.33776855 -0.36991882 -0.33358765 -0.30278015 -0.33529663 -0.38258362 -0.38230896 -0.362854 -0.34864807 -0.32260132 -0.30186462 -0.29292297 -0.28622437 -0.27520752 -0.24545288 -0.1875 -0.17370605 -0.16923523 -0.15492249 -0.15283203 -0.117370605 -0.08729553 -0.11172485 -0.08000183 -0.03892517 -0.18554688 -0.37428284 -0.37957764 -0.40446472
-0.43104553 -0.4059906 -0.40200806 -0.39022827 -0.3663025 -0.3345337 -0.3499298 -0.3869171 -0.39468384 -0.38305664 -0.37535095 -0.37239075 -0.33885193 -0.332016 -0.3269348 -0.32443237 -0.32392883 -0.302536 -0.25476074 -0.22351074 -0.20317078 -0.21057129 -0.13780212 -0.14480591 -0.1563263 -0.10809326 -0.24375916 -0.2773285 -0.28507996 -0.34643555
-0.4459076 -0.43777466 -0.42033386 -0.4223938 -0.40742493 -0.3932495 -0.39207458 -0.4016571 -0.42173767 -0.41403198 -0.39953613 -0.39501953 -0.39111328 -0.38311768 -0.3890686 -0.3870697 -0.3435669 -0.3014984 -0.28562927 -0.29385376 -0.3087616 -0.27127075 -0.20973206 -0.19859314 -0.20220947 -0.203125 -0.24708557 -0.2376709 -0.2623291 -0.3284607
-0.42573547 -0.45124817 -0.43798828 -0.41337585 -0.3922882 -0.38887024 -0.38778687 -0.39266968 -0.3992157 -0.41241455 -0.41825867 -0.4066162 -0.366745 -0.3651886 -0.42170715 -0.41160583 -0.37928772 -0.36291504 -0.34617615 -0.3309784 -0.3159027 -0.28735352 -0.28178406 -0.2673645 -0.263031 -0.24891663 -0.2519226 -0.24937439 -0.2315216 -0.28659058
-0.40612793 -0.4165039 -0.42774963 -0.43450928 -0.42396545 -0.423172 -0.43144226 -0.4064026 -0.40559387 -0.40390015 -0.4126892 -0.41560364 -0.4284973 -0.40859985 -0.3670044 -0.36297607 -0.37301636 -0.3821411 -0.38461304 -0.3517151 -0.32470703 -0.3100586 -0.28782654 -0.26646423 -0.28097534 -0.30107117 -0.3065338 -0.3047943 -0.29930115 -0.32084656
-0.3973236 -0.4309082 -0.420578 -0.42593384 -0.40641785 -0.39727783 -0.3935852 -0.3937378 -0.40415955 -0.3883667 -0.3944397 -0.39291382 -0.4052124 -0.3956604 -0.43251038 -0.43121338 -0.37806702 -0.37669373 -0.38720703 -0.37879944 -0.36782837 -0.35327148 -0.3215027 -0.32279968 -0.33059692 -0.3238678 -0.3070221 -0.2680359 -0.2858429 -0.30114746
-0.4166565 -0.3968048 -0.39219666 -0.38104248 -0.38905334 -0.4046173 -0.40203857 -0.36257935 -0.3487854 -0.3717041 -0.3750763 -0.37590027 -0.40924072 -0.40475464 -0.3953247 -0.34301758 -0.30226135 -0.33461 -0.3888092 -0.3515625 -0.3178711 -0.3113861 -0.30299377 -0.30447388 -0.30566406 -0.31304932 -0.32435608 -0.31726074 -0.28953552 -0.3259735
-0.3901062 -0.39474487 -0.38941956 -0.3904419 -0.39692688 -0.38883972 -0.36112976 -0.34851074 -0.35028076 -0.39042664 -0.39187622 -0.3645172 -0.39987183 -0.4013214 -0.39816284 -0.36865234 -0.37748718 -0.36608887 -0.37060547 -0.34913635 -0.33877563 -0.3144989 -0.31072998 -0.3118744 -0.31440735 -0.30828857 -0.2936554 -0.28601074 -0.2849579 -0.33137512
-0.3708496 -0.38926697 -0.3796692 -0.37072754 -0.35749817 -0.35769653 -0.3626709 -0.36386108 -0.28811646 -0.3588562 -0.35993958 -0.36195374 -0.3983307 -0.39097595 -0.4094696 -0.3751068 -0.30685425 -0.2959137 -0.35205078 -0.32585144 -0.31059265 -0.31671143 -0.29896545 -0.29867554 -0.29814148 -0.2983551 -0.28588867 -0.2875824 -0.28312683 -0.30519104
-0.33407593 -0.339386 -0.35627747 -0.35931396 -0.38568115 -0.37379456 -0.30729675 -0.2406311 -0.27955627 -0.40863037 -0.36283875 -0.33554077 -0.35357666 -0.39846802 -0.3900299 -0.3668213 -0.34939575 -0.363739 -0.35110474 -0.32940674 -0.3105011 -0.3176422 -0.29406738 -0.3049469 -0.2993927 -0.29129028 -0.2700653 -0.26965332 -0.27552795 -0.30308533
-0.31358337 -0.3540039 -0.36328125 -0.34127808 -0.28849792 -0.2867279 -0.2710266 -0.2013855 -0.19342041 -0.36520386 -0.3867798 -0.36843872 -0.33824158 -0.34310913 -0.3699646 -0.36088562 -0.34220886 -0.3469391 -0.3460083 -0.3230133 -0.30615234 -0.30770874 -0.3126526 -0.30973816 -0.28164673 -0.2849121 -0.2859497 -0.2763214 -0.27297974 -0.31697083

-- Channel 2 --
-0.52301025 -0.5231781 -0.5239105 -0.52464294 -0.52441406 -0.52441406 -0.52441406 -0.52441406 -0.52441406 -0.52441406 -0.5251312 -0.52430725 -0.52516174 -0.52516174 -0.52516174 -0.52516174 -0.52516174 -0.52516174 -0.52516174 -0.52516174 -0.52516174 -0.52516174 -0.521698 -0.5253906 -0.5258026 -0.52516174 -0.52516174 -0.52516174 -0.52516174 -0.52516174
-0.5229645 -0.5250702 -0.5235748 -0.5259247 -0.526062 -0.52516174 -0.52516174 -0.52516174 -0.52516174 -0.52516174 -0.52516174 -0.52516174 -0.52516174 -0.52516174 -0.52516174 -0.52516174 -0.52516174 -0.52516174 -0.52516174 -0.52516174 -0.52516174 -0.5233612 -0.51612854 -0.52804565 -0.5280609 -0.52516174 -0.52516174 -0.52516174 -0.52516174 -0.52516174
-0.5240021 -0.5226288 -0.5226288 -0.52420044 -0.52809143 -0.526062 -0.52516174 -0.52516174 -0.52516174 -0.52516174 -0.52516174 -0.52516174 -0.52516174 -0.52516174 -0.52516174 -0.52516174 -0.52516174 -0.52516174 -0.52516174 -0.52516174 -0.52516174 -0.51989746 -0.50956726 -0.5280304 -0.528183 -0.52516174 -0.52516174 -0.52516174 -0.52516174 -0.52516174
-0.5244446 -0.52111816 -0.51509094 -0.5269623 -0.5276947 -0.5265198 -0.52516174 -0.52516174 -0.52516174 -0.52516174 -0.52516174 -0.52516174 -0.52516174 -0.52516174 -0.52516174 -0.52516174 -0.52516174 -0.52516174 -0.52516174 -0.52516174 -0.52516174 -0.51805115 -0.5005188 -0.5240326 -0.529068 -0.526062 -0.52516174 -0.52516174 -0.52516174 -0.52516174
-0.52516174 -0.51234436 -0.50190735 -0.5313568 -0.5336151 -0.5251312 -0.52516174 -0.52516174 -0.52516174 -0.52516174 -0.52516174 -0.52516174 -0.52516174 -0.52516174 -0.52516174 -0.52516174 -0.52516174 -0.52516174 -0.52516174 -0.52516174 -0.52516174 -0.51960754 -0.48023987 -0.51794434 -0.5386505 -0.53131104 -0.5244446 -0.52516174 -0.52516174 -0.52516174
-0.5226135 -0.50691223 -0.49542236 -0.51812744 -0.5256653 -0.52627563 -0.5244446 -0.52516174 -0.52516174 -0.5241089 -0.5260315 -0.5256195 -0.52516174 -0.52516174 -0.52516174 -0.52516174 -0.52516174 -0.5241089 -0.52497864 -0.5254364 -0.52583313 -0.5176544 -0.44032288 -0.5049896 -0.5452881 -0.52952576 -0.5264282 -0.52323914 -0.5242615 -0.5240326
-0.51875305 -0.49743652 -0.47813416 -0.5213623 -0.536438 -0.5328064 -0.5258484 -0.52516174 -0.5241089 -0.52386475 -0.5260925 -0.52549744 -0.52516174 -0.52516174 -0.52516174 -0.52516174 -0.52516174 -0.52404785 -0.524704 -0.52371216 -0.5214081 -0.5149536 -0.4376526 -0.4867096 -0.50839233 -0.5207977 -0.5228729 -0.5264282 -0.5247803 -0.5189972
-0.50567627 -0.43725586 -0.4880066 -0.53863525 -0.53349304 -0.5277405 -0.52438354 -0.5249634 -0.52334595 -0.5235748 -0.51893616 -0.52194214 -0.52412415 -0.5231476 -0.5245514 -0.5244446 -0.52116394 -0.5241699 -0.52241516 -0.52542114 -0.5254822 -0.5183258 -0.4762268 -0.49043274 -0.4889679 -0.48672485 -0.5227814 -0.53375244 -0.5276489 -0.53982544
-0.46673584 -0.36427307 -0.42893982 -0.5050659 -0.5388336 -0.5488434 -0.5520477 -0.53593445 -0.5259857 -0.5241394 -0.5210724 -0.52108765 -0.52264404 -0.5241699 -0.52479553 -0.5253906 -0.52227783 -0.51841736 -0.5219269 -0.5216217 -0.5036926 -0.49465942 -0.46240234 -0.4296875 -0.39596558 -0.40563965 -0.45619202 -0.47401428 -0.4823761 -0.6382599
-0.44374084 -0.35083008 -0.35102844 -0.38484192 -0.45135498 -0.503479 -0.55973816 -0.53796387 -0.5148163 -0.51834106 -0.53671265 -0.5293884 -0.5256195 -0.5265198 -0.52641296 -0.51812744 -0.49761963 -0.48983765 -0.4949646 -0.47213745 -0.43544006 -0.43258667 -0.36506653 -0.322052 -0.27217102 -0.22918701 -0.21852112 -0.22236633 -0.270401 -0.57273865
-0.43507385 -0.4031372 -0.36531067 -0.35206604 -0.39491272 -0.44711304 -0.50483704 -0.46498108 -0.49649048 -0.51519775 -0.53009033 -0.5197754 -0.53160095 -0.5268707 -0.5223541 -0.47114563 -0.36602783 -0.36795044 -0.39822388 -0.3690033 -0.325531 -0.28729248 -0.21037292 -0.14633179 -0.0896759 -0.06439209 -0.049926758 -0.04914856 -0.13749695 -0.51730347
-0.43637085 -0.44047546 -0.42164612 -0.39942932 -0.42762756 -0.46266174 -0.47024536 -0.4376068 -0.51309204 -0.50175476 -0.46707153 -0.44641113 -0.5349426 -0.5394592 -0.5188446 -0.4055481 -0.22164917 -0.20236206 -0.21350098 -0.20895386 -0.11968994 -0.05860901 -0.043533325 -0.032730103 -0.025436401 -0.020233154 -0.018829346 -0.02432251 -0.13595581 -0.51911926
-0.43850708 -0.47207642 -0.45013428 -0.4351654 -0.44807434 -0.4269104 -0.4250946 -0.4369049 -0.44277954 -0.46575928 -0.4591217 -0.40953064 -0.46136475 -0.46012878 -0.46154785 -0.29438782 -0.13723755 -0.10877991 -0.07801819 -0.10568237 -0.071380615 -0.048171997 -0.032165527 -0.020751953 -0.036071777 -0.025634766 -0.022491455 -0.02810669 -0.16481018 -0.52552795
-0.4011078 -0.4533081 -0.45309448 -0.4320221 -0.42868042 -0.40325928 -0.4091797 -0.39848328 -0.32965088 -0.35646057 -0.36610413 -0.33581543 -0.35993958 -0.36083984 -0.35005188 -0.20410156 -0.104888916 -0.074295044 -0.050048828 -0.067337036 -0.07940674 -0.039367676 -0.009689331 -0.0062408447 -0.028900146 -0.03378296 -0.031677246 -0.0335083 -0.21391296 -0.5219116
-0.3115387 -0.34454346 -0.37145996 -0.3555298 -0.33346558 -0.31404114 -0.33233643 -0.3251953 -0.2750702 -0.25732422 -0.2481842 -0.24168396 -0.27012634 -0.23052979 -0.2061615 -0.14463806 -0.09716797 -0.0625 -0.05029297 -0.047714233 -0.095947266 -0.041305542 -0.012374878 -0.011138916 -0.013259888 -0.026046753 -0.027893066 -0.044799805 -0.30885315 -0.48364258
-0.16615295 -0.2237091 -0.24085999 -0.2471466 -0.24282837 -0.23162842 -0.23240662 -0.22077942 -0.1931305 -0.17341614 -0.1534729 -0.15107727 -0.16654968 -0.1455841 -0.11656189 -0.09223938 -0.08425903 -0.07821655 -0.07022095 -0.069992065 -0.09411621 -0.067733765 -0.04815674 -0.023742676 -0.013397217 -0.019180298 -0.032592773 -0.17964172 -0.38449097 -0.4493103
-0.09312439 -0.14485168 -0.1729126 -0.17478943 -0.17362976 -0.17318726 -0.16879272 -0.15344238 -0.14839172 -0.12997437 -0.1219635 -0.1306305 -0.14976501 -0.14404297 -0.12974548 -0.104599 -0.08049011 -0.07411194 -0.06628418 -0.063430786 -0.076660156 -0.060836792 -0.047821045 -0.026306152 -0.013977051 -0.027648926 -0.1337738 -0.3184967 -0.40899658 -0.4585724
-0.13589478 -0.124298096 -0.15255737 -0.14640808 -0.14527893 -0.14990234 -0.16035461 -0.15296936 -0.15383911 -0.14256287 -0.13414001 -0.14451599 -0.15270996 -0.15489197 -0.14437866 -0.117263794 -0.0901947 -0.07286072 -0.068603516 -0.067840576 -0.061431885 -0.054733276 -0.0390625 -0.026184082 -0.020248413 -0.054763794 -0.24726868 -0.37493896 -0.4259796 -0.48727417
-0.20443726 -0.16233826 -0.13874817 -0.13746643 -0.14102173 -0.13371277 -0.12887573 -0.13426208 -0.13407898 -0.1244812 -0.122421265 -0.12246704 -0.12199402 -0.1250763 -0.1182251 -0.11605835 -0.1302185 -0.09173584 -0.05029297 -0.063827515 -0.07060242 -0.04399109 -0.043258667 -0.0365448 -0.02192688 -0.13920593 -0.29971313 -0.3244934 -0.38156128 -0.41603088
-0.27822876 -0.24607849 -0.20495605 -0.19378662 -0.19638062 -0.21740723 -0.21076965 -0.18908691 -0.16746521 -0.15133667 -0.1409607 -0.1299591 -0.12362671 -0.1210022 -0.10916138 -0.10470581 -0.09715271 -0.08634949 -0.07411194 -0.07752991 -0.078552246 -0.03479004 -0.06317139 -0.067840576 -0.031341553 -0.16436768 -0.2811737 -0.30889893 -0.35073853 -0.3473053
-0.34066772 -0.31915283 -0.30773926 -0.2922821 -0.2832489 -0.29582214 -0.31877136 -0.3184204 -0.29663086 -0.27503967 -0.26237488 -0.2348175 -0.21653748 -0.21496582 -0.20602417 -0.17732239 -0.14335632 -0.12098694 -0.1191864 -0.11151123 -0.09187317 -0.059692383 -0.067214966 -0.07897949 -0.05958557 -0.12715149 -0.18527222 -0.2361145 -0.29411316 -0.31123352
-0.3736725 -0.3575592 -0.3486786 -0.3296814 -0.30329895 -0.29615784 -0.3015747 -0.33139038 -0.3486786 -0.34170532 -0.33312988 -0.32185364 -0.3095703 -0.31051636 -0.3010254 -0.28227234 -0.248703 -0.22286987 -0.20855713 -0.20358276 -0.1747284 -0.13812256 -0.105026245 -0.10467529 -0.1156311 -0.12901306 -0.12921143 -0.14883423 -0.21459961 -0.26211548
-0.36306763 -0.3653412 -0.34698486 -0.3257599 -0.32214355 -0.3166809 -0.30218506 -0.3168335 -0.3345642 -0.34222412 -0.34268188 -0.3276825 -0.31628418 -0.3413849 -0.35510254 -0.32922363 -0.2997589 -0.29226685 -0.26976013 -0.25860596 -0.25021362 -0.22631836 -0.19754028 -0.19360352 -0.18043518 -0.18035889 -0.16978455 -0.15454102 -0.18728638 -0.24972534
-0.3279419 -0.33932495 -0.34458923 -0.33239746 -0.3334961 -0.33966064 -0.32528687 -0.31748962 -0.30714417 -0.32817078 -0.32821655 -0.32260132 -0.3089447 -0.3070526 -0.30970764 -0.30345154 -0.3161621 -0.3196411 -0.2918396 -0.2619934 -0.25222778 -0.23747253 -0.24108887 -0.23825073 -0.23503113 -0.23484802 -0.22613525 -0.21398926 -0.20927429 -0.24623108
-0.334198 -0.33406067 -0.33876038 -0.3368225 -0.3272705 -0.32473755 -0.32855225 -0.32940674 -0.31269836 -0.32333374 -0.31181335 -0.329422 -0.3264923 -0.3200531 -0.30403137 -0.2854309 -0.28938293 -0.30392456 -0.291687 -0.27148438 -0.25280762 -0.23199463 -0.22543335 -0.2294159 -0.23738098 -0.24028015 -0.22189331 -0.21963501 -0.24485779 -0.25933838
-0.3307495 -0.32382202 -0.3235016 -0.31987 -0.32746887 -0.32321167 -0.3214569 -0.2947693 -0.3151245 -0.3253479 -0.29933167 -0.33854675 -0.33695984 -0.34065247 -0.32104492 -0.29052734 -0.27134705 -0.32034302 -0.317276 -0.28715515 -0.2722168 -0.26019287 -0.2446289 -0.24874878 -0.25160217 -0.24697876 -0.23461914 -0.21562195 -0.23423767 -0.26379395
-0.318161 -0.31570435 -0.30581665 -0.30262756 -0.31455994 -0.30551147 -0.2850647 -0.24932861 -0.30171204 -0.30326843 -0.2809143 -0.306427 -0.31225586 -0.32478333 -0.30636597 -0.27516174 -0.27062988 -0.29855347 -0.27929688 -0.26438904 -0.2588501 -0.24613953 -0.25341797 -0.2618103 -0.2537079 -0.23851013 -0.23379517 -0.22181702 -0.23931885 -0.26115417
-0.32014465 -0.32185364 -0.29206848 -0.2944336 -0.29655457 -0.2795105 -0.28233337 -0.24333191 -0.27615356 -0.28981018 -0.29164124 -0.30297852 -0.3034668 -0.31756592 -0.29562378 -0.2577057 -0.24638367 -0.26931763 -0.2635498 -0.24749756 -0.24987793 -0.22827148 -0.2363739 -0.23268127 -0.22979736 -0.21913147 -0.21786499 -0.21694946 -0.24057007 -0.26063538
-0.28341675 -0.28736877 -0.29232788 -0.30641174 -0.29882812 -0.26390076 -0.24317932 -0.20666504 -0.31098938 -0.3144989 -0.2848816 -0.2744751 -0.31436157 -0.32621765 -0.3033905 -0.27604675 -0.26898193 -0.26753235 -0.25201416 -0.24235535 -0.24224854 -0.2341156 -0.2311554 -0.21794128 -0.21806335 -0.20518494 -0.2023468 -0.20417786 -0.23173523 -0.23147583
-0.24769592 -0.2638092 -0.28404236 -0.2721405 -0.23883057 -0.26109314 -0.1976471 -0.14021301 -0.29389954 -0.33280945 -0.2844696 -0.2551422 -0.269516 -0.29431152 -0.30119324 -0.28511047 -0.2862091 -0.27464294 -0.256958 -0.2457428 -0.23564148 -0.24253845 -0.23899841 -0.22671509 -0.216156 -0.21784973 -0.21022034 -0.20074463 -0.21772766 -0.23190308

-- Channel 3 --
-0.14904785 -0.15026855 -0.15057373 -0.15048218 -0.1499176 -0.1499176 -0.1499176 -0.1499176 -0.1499176 -0.1499176 -0.15045166 -0.14962769 -0.1492157 -0.1492157 -0.1492157 -0.1492157 -0.1492157 -0.1492157 -0.1492157 -0.1492157 -0.1492157 -0.1492157 -0.1483612 -0.14901733 -0.14779663 -0.1492157 -0.1492157 -0.1492157 -0.1492157 -0.1492157
-0.14883423 -0.14945984 -0.14962769 -0.14820862 -0.14753723 -0.1492157 -0.1492157 -0.1492157 -0.1492157 -0.1492157 -0.1492157 -0.1492157 -0.1492157 -0.1492157 -0.1492157 -0.1492157 -0.1492157 -0.1492157 -0.1492157 -0.1492157 -0.1492157 -0.14776611 -0.14376831 -0.14665222 -0.14102173 -0.1492157 -0.1492157 -0.1492157 -0.1492157 -0.1492157
-0.15020752 -0.14852905 -0.14814758 -0.14569092 -0.14413452 -0.14753723 -0.1492157 -0.1492157 -0.1492157 -0.1492157 -0.1492157 -0.1492157 -0.1492157 -0.1492157 -0.1492157 -0.1492157 -0.1492157 -0.1492157 -0.1492157 -0.1492157 -0.1492157 -0.14691162 -0.14390564 -0.1466217 -0.14012146 -0.1492157 -0.1492157 -0.1492157 -0.1492157 -0.1492157
-0.14868164 -0.14826965 -0.14479065 -0.14550781 -0.14089966 -0.14680481 -0.1492157 -0.1492157 -0.1492157 -0.1492157 -0.1492157 -0.1492157 -0.1492157 -0.1492157 -0.1492157 -0.1492157 -0.1492157 -0.1492157 -0.1492157 -0.1492157 -0.1492157 -0.14828491 -0.14753723 -0.15203857 -0.1308136 -0.14753723 -0.1492157 -0.1492157 -0.1492157 -0.1492157
-0.1492157 -0.14602661 -0.13668823 -0.1357727 -0.12974548 -0.14549255 -0.1492157 -0.1492157 -0.1492157 -0.1492157 -0.1492157 -0.1492157 -0.1492157 -0.1492157 -0.1492157 -0.1492157 -0.1492157 -0.1492157 -0.1492157 -0.1492157 -0.1492157 -0.15014648 -0.1383667 -0.13546753 -0.107910156 -0.13734436 -0.15020752 -0.1492157 -0.1492157 -0.1492157
-0.1468811 -0.14653015 -0.1519928 -0.14788818 -0.13244629 -0.14401245 -0.15020752 -0.1492157 -0.1492157 -0.14865112 -0.14952087 -0.14794922 -0.1492157 -0.1492157 -0.1492157 -0.1492157 -0.1492157 -0.14865112 -0.1489563 -0.14768982 -0.14822388 -0.14465332 -0.11741638 -0.12504578 -0.081451416 -0.12887573 -0.14468384 -0.14898682 -0.14994812 -0.14677429
-0.1461029 -0.14204407 -0.1421814 -0.12728882 -0.09635925 -0.134552 -0.1485138 -0.1492157 -0.14865112 -0.14852905 -0.14979553 -0.14616394 -0.1492157 -0.1492157 -0.1492157 -0.1492157 -0.1492157 -0.14878845 -0.15089417 -0.14880371 -0.15020752 -0.14826965 -0.16395569 -0.20071411 -0.13214111 -0.13648987 -0.14936829 -0.14804077 -0.15016174 -0.1499176
-0.13635254 -0.09460449 -0.09651184 -0.07684326 -0.11282349 -0.13853455 -0.14653015 -0.1479187 -0.1469574 -0.14942932 -0.14872742 -0.14337158 -0.14805603 -0.14813232 -0.14982605 -0.15020752 -0.14578247 -0.14614868 -0.14515686 -0.14277649 -0.14801025 -0.14941406 -0.17901611 -0.22085571 -0.09883118 -0.07841492 -0.074539185 -0.06918335 -0.08798218 -0.10916138
-0.12231445 -0.088272095 -0.06690979 -0.013504028 0.0068969727 -0.037490845 -0.09466553 -0.12730408 -0.14959717 -0.14801025 -0.14710999 -0.14585876 -0.14691162 -0.14672852 -0.15045166 -0.14978027 -0.14935303 -0.14962769 -0.14886475 -0.14949036 -0.1365509 -0.1166687 -0.0716095 -0.008911133 0.13684082 0.20835876 0.2578125 0.27124023 0.25253296 0.12934875
-0.14179993 -0.18508911 -0.19978333 -0.041137695 -0.009796143 -0.021850586 -0.061584473 -0.09597778 -0.124801636 -0.114227295 -0.119140625 -0.12892151 -0.14457703 -0.1412201 -0.14500427 -0.14019775 -0.121902466 -0.092437744 -0.053955078 -0.0023651123 0.05293274 0.116363525 0.18240356 0.20036316 0.19728088 0.1453247 0.121673584 0.1635437 0.14064026 0.042617798
-0.15213013 -0.22897339 -0.24168396 -0.16712952 -0.13389587 -0.13053894 -0.123672485 -0.09666443 -0.11845398 -0.07791138 -0.11051941 -0.1187439 -0.13575745 -0.1335144 -0.14538574 -0.1053772 -0.007659912 0.103759766 0.21382141 0.24661255 0.23153687 0.1862793 0.14375305 0.059127808 -0.0034484863 -0.037338257 0.006439209 0.03465271 0.00390625 -0.014923096
-0.15289307 -0.1851654 -0.16021729 -0.1634674 -0.14530945 -0.11581421 -0.05783081 -0.03564453 -0.10447693 -0.10594177 -0.10510254 -0.045639038 -0.035507202 -0.022766113 -0.057724 -0.033813477 0.010696411 0.045700073 0.084472656 0.01940918 -0.05354309 -0.07342529 -0.041488647 -0.057891846 -0.024353027 -0.009231567 -0.006134033 -0.011993408 -0.024490356 -0.0011291504
-0.12637329 -0.12966919 -0.1164093 -0.14309692 -0.13391113 -0.06567383 -0.01071167 -0.043289185 -0.07052612 0.033706665 0.040267944 0.013061523 -0.010772705 0.024307251 0.004837036 0.042099 -0.03855896 -0.087020874 -0.021011353 -0.0024414062 0.011062622 -0.0019378662 0.001449585 0.0009918213 -0.0028533936 -0.0036315918 -0.0060424805 -0.004058838 -0.015594482 0.031600952
-0.0027770996 0.00831604 0.033859253 0.0059661865 0.012619019 0.034729004 -0.012161255 -0.0814209 -0.045028687 0.06567383 0.046188354 0.0032806396 0.023590088 0.12049866 0.10217285 0.07940674 -0.043304443 -0.08508301 0.0027160645 0.03694153 0.04737854 -0.034454346 -0.04699707 0.004501343 0.011871338 0.024002075 0.010238647 0.00920105 -0.022781372 0.028213501
-0.022842407 0.06074524 0.07194519 0.065704346 0.06227112 0.05986023 0.038085938 0.078811646 0.10939026 0.0790863 0.13000488 0.1207428 0.10772705 0.13523865 0.1076355 0.08470154 -0.047286987 -0.018081665 0.010391235 -0.00077819824 -0.0012054443 -0.008621216 -0.012786865 0.0020446777 0.014129639 0.02760315 0.0055236816 -0.01399231 -0.0896759 -0.01449585
-0.12908936 0.0005187988 0.06983948 0.0715332 0.06021118 0.046295166 0.051589966 0.07594299 0.028930664 -0.005142212 0.022964478 0.01576233 -0.0077056885 -0.007583618 -0.030044556 -0.062423706 -0.060684204 -0.01789856 -0.004486084 -0.0101623535 0.015045166 0.044815063 -0.01663208 -0.006286621 0.00076293945 0.004211426 0.003921509 -0.10317993 -0.13282776 -0.051879883
-0.19563293 -0.088378906 -0.029541016 -0.015853882 -0.04423523 -0.069107056 -0.06918335 -0.07244873 -0.073532104 -0.074783325 -0.073532104 -0.057144165 -0.049942017 -0.030883789 -0.082351685 -0.062347412 -0.03515625 -0.030670166 -0.02078247 -0.011734009 0.009490967 0.03492737 -0.024780273 -0.011138916 -0.0032806396 -0.00088500977 -0.07978821 -0.15971375 -0.14273071 -0.0021820068
-0.22183228 -0.10696411 -0.050125122 -0.038909912 -0.0345459 -0.0370636 -0.04460144 -0.030075073 -0.044906616 -0.038131714 -0.026184082 -0.01927185 -0.018356323 -0.020568848 -0.022354126 -0.03366089 -0.026504517 -0.017318726 -0.00730896 -0.009277344 -0.0049591064 -0.0062408447 -0.00076293945 -0.004699707 -0.0012664795 -0.021820068 -0.079833984 -0.036468506 0.100753784 0.061416626
-0.2743683 -0.22462463 -0.16511536 -0.1506958 -0.15093994 -0.15208435 -0.13331604 -0.11238098 -0.10020447 -0.08721924 -0.07861328 -0.06402588 -0.05267334 -0.040756226 -0.047927856 -0.04978943 -0.05744934 -0.066589355 -0.06352234 -0.038589478 -0.027908325 -0.016189575 -0.030181885 -0.025863647 -0.029022217 -0.08517456 -0.06726074 0.0541687 0.069503784 0.014389038
-0.19851685 -0.284729 -0.20669556 -0.19442749 -0.17155457 -0.17803955 -0.19294739 -0.21186829 -0.23554993 -0.2294159 -0.21894836 -0.20915222 -0.19137573 -0.18016052 -0.17152405 -0.14880371 -0.11305237 -0.0859375 -0.06526184 -0.067871094 -0.053741455 -0.02822876 -0.028335571 -0.017578125 -0.025634766 -0.017440796 0.08518982 0.16342163 0.049346924 0.016036987
-0.15270996 -0.15640259 -0.14195251 -0.121276855 -0.10044861 -0.08900452 -0.10404968 -0.11053467 -0.13859558 -0.16659546 -0.18695068 -0.19003296 -0.19744873 -0.19778442 -0.19584656 -0.19049072 -0.16815186 -0.138031 -0.1821289 -0.1791687 -0.13783264 -0.11354065 -0.1103363 -0.07695007 -0.07350159 -0.04385376 0.1098938 0.09036255 0.030197144 0.01928711
-0.057174683 -0.068573 -0.07650757 -0.09742737 -0.12319946 -0.12705994 -0.07626343 -0.06854248 -0.06524658 -0.08049011 -0.08961487 -0.10038757 -0.120391846 -0.1265564 -0.13165283 -0.12739563 -0.15142822 -0.16644287 -0.15411377 -0.14581299 -0.14241028 -0.1717987 -0.19186401 -0.11790466 -0.12034607 -0.12701416 -0.060073853 -0.06124878 -0.040039062 -0.030471802
-0.06135559 -0.07606506 -0.10209656 -0.10041809 -0.11029053 -0.106155396 -0.08772278 -0.052230835 -0.041030884 -0.049621582 -0.061676025 -0.061401367 -0.056152344 -0.052124023 -0.03942871 -0.06047058 -0.08818054 -0.10121155 -0.10272217 -0.08969116 -0.09118652 -0.09991455 -0.10322571 -0.120529175 -0.10218811 -0.12005615 -0.11117554 -0.097839355 -0.060195923 -0.014389038
-0.09642029 -0.07589722 -0.08554077 -0.08178711 -0.08151245 -0.08804321 -0.09918213 -0.11302185 -0.08589172 -0.083343506 -0.08302307 -0.090545654 -0.09613037 -0.08955383 -0.06285095 -0.04345703 -0.046691895 -0.07046509 -0.08161926 -0.07269287 -0.054779053 -0.039352417 -0.045303345 -0.057022095 -0.05307007 -0.045303345 -0.069244385 -0.08670044 -0.08886719 -0.05633545
-0.08250427 -0.048339844 -0.066085815 -0.08103943 -0.08842468 -0.07627869 -0.06921387 -0.084350586 -0.07420349 -0.084121704 -0.06222534 -0.07546997 -0.09033203 -0.11972046 -0.092803955 -0.09692383 -0.12971497 -0.110076904 -0.09283447 -0.1053009 -0.10229492 -0.10903931 -0.11076355 -0.0967865 -0.08816528 -0.09111023 -0.06890869 -0.054473877 -0.05496216 -0.04322815
-0.057525635 -0.07093811 -0.06285095 -0.043258667 -0.055374146 -0.04525757 -0.0526886 -0.029388428 -0.04269409 -0.023880005 -0.021942139 -0.04309082 -0.041625977 -0.063186646 -0.07583618 -0.08604431 -0.04147339 -0.007858276 0.00024414062 -0.04536438 -0.06742859 -0.06625366 -0.06628418 -0.05908203 -0.058013916 -0.045135498 -0.04499817 -0.047790527 -0.046081543 -0.047576904
-0.056533813 -0.061264038 -0.059906006 -0.06361389 -0.05731201 -0.0745697 -0.05923462 -0.042419434 -0.04019165 -0.05253601 -0.0821228 -0.092941284 -0.061309814 -0.06385803 -0.047439575 -0.043395996 -0.05656433 -0.06008911 -0.063323975 -0.071258545 -0.05732727 -0.039978027 -0.039627075 -0.034194946 -0.028808594 -0.021392822 -0.032714844 -0.047317505 -0.05886841 -0.034225464
-0.01473999 -0.042999268 -0.06869507 -0.07736206 -0.07110596 -0.04296875 -0.04724121 -0.058441162 -0.102142334 -0.049057007 -0.07533264 -0.08326721 -0.043136597 -0.06367493 -0.06285095 -0.088531494 -0.11175537 -0.09623718 -0.024307251 -0.049972534 -0.05419922 -0.046340942 -0.051239014 -0.047225952 -0.036132812 -0.034805298 -0.041259766 -0.041763306 -0.054000854 -0.03340149
-0.05065918 -0.039245605 -0.038909912 -0.05255127 -0.056030273 -0.049484253 -0.050750732 -0.021377563 -0.04031372 0.017471313 -0.06227112 -0.03277588 -0.030044556 -0.02809143 -0.060760498 -0.09994507 -0.10823059 -0.066986084 -0.06411743 -0.07775879 -0.069992065 -0.07493591 -0.0821228 -0.057357788 -0.05809021 -0.06149292 -0.06568909 -0.04425049 -0.0418396 -0.0076141357
-0.06838989 -0.031982422 -0.051254272 -0.05732727 -0.009048462 -0.015975952 0.034469604 0.05470276 0.044906616 0.03677368 -0.026672363 -0.07194519 -0.046722412 -0.045898438 -0.035690308 -0.052627563 -0.07183838 -0.060134888 -0.057037354 -0.07411194 -0.075912476 -0.06323242 -0.06762695 -0.05583191 -0.05819702 -0.056228638 -0.05444336 -0.05369568 -0.039031982 -0.032333374

-- Channel 4 --
0.015090942 0.013931274 0.014007568 0.013412476 0.012771606 0.012771606 0.012771606 0.012771606 0.012771606 0.012771606 0.013000488 0.012969971 0.011627197 0.011627197 0.011627197 0.011627197 0.011627197 0.011627197 0.011627197 0.011627197 0.011627197 0.011627197 0.011123657 0.011367798 0.009414673 0.011627197 0.011627197 0.011627197 0.011627197 0.011627197
0.012329102 0.010772705 0.012008667 0.014450073 0.012313843 0.011627197 0.011627197 0.011627197 0.011627197 0.011627197 0.011627197 0.011627197 0.011627197 0.011627197 0.011627197 0.011627197 0.011627197 0.011627197 0.011627197 0.011627197 0.011627197 0.011138916 0.012573242 0.018356323 0.013198853 0.011627197 0.011627197 0.011627197 0.011627197 0.011627197
0.012054443 0.011138916 0.012878418 0.014526367 0.010940552 0.012313843 0.011627197 0.011627197 0.011627197 0.011627197 0.011627197 0.011627197 0.011627197 0.011627197 0.011627197 0.011627197 0.011627197 0.011627197 0.011627197 0.011627197 0.011627197 0.010635376 0.011779785 0.01133728 0.0051879883 0.011627197 0.011627197 0.011627197 0.011627197 0.011627197
0.011398315 0.010025024 0.014221191 0.012878418 0.009002686 0.008239746 0.011627197 0.011627197 0.011627197 0.011627197 0.011627197 0.011627197 0.011627197 0.011627197 0.011627197 0.011627197 0.011627197 0.011627197 0.011627197 0.011627197 0.011627197 0.012619019 0.009857178 0.0126953125 0.010848999 0.012313843 0.011627197 0.011627197 0.011627197 0.011627197
0.011627197 0.008010864 0.014144897 0.023025513 0.009796143 0.010498047 0.011627197 0.011627197 0.011627197 0.011627197 0.011627197 0.011627197 0.011627197 0.011627197 0.011627197 0.011627197 0.011627197 0.011627197 0.011627197 0.011627197 0.011627197 0.012207031 0.0073242188 0.026504517 0.023376465 0.013931274 0.012802124 0.011627197 0.011627197 0.011627197
0.011108398 0.013946533 0.011688232 -0.007369995 -0.006942749 0.011413574 0.012802124 0.011627197 0.011627197 0.011169434 0.012771606 0.011764526 0.011627197 0.011627197 0.011627197 0.011627197 0.011627197 0.011169434 0.012313843 0.012451172 0.011810303 0.011505127 0.0064086914 0.03869629 0.004928589 0.007888794 0.016952515 0.014053345 0.0134887695 0.0113220215
0.01109314 0.009887695 0.020080566 0.033187866 0.03189087 0.011550903 0.0124053955 0.011627197 0.011169434 0.01335144 0.012969971 0.010498047 0.011627197 0.011627197 0.011627197 0.011627197 0.011627197 0.012664795 0.013183594 0.010772705 0.008743286 0.011703491 0.017059326 -0.031082153 -0.06138611 -0.010482788 0.0034179688 0.009506226 0.011505127 0.00869751
0.008377075 0.0067749023 0.078125 0.016525269 -0.021575928 -0.003967285 0.011138916 0.012496948 0.013824463 0.015975952 0.012664795 0.013412476 0.016662598 0.01512146 0.013198853 0.012802124 0.011291504 0.016448975 0.017974854 0.016494751 0.019317627 0.017532349 0.03717041 0.0052337646 0.038513184 0.04194641 0.066085815 0.061035156 0.048675537 0.049240112
-0.000869751 0.018920898 0.015777588 -0.0067596436 0.0655365 0.06819153 0.047805786 0.018447876 0.013366699 0.014083862 0.012924194 0.01272583 0.01071167 0.011184692 0.0126953125 0.012268066 0.012359619 0.00819397 0.0074005127 0.0033416748 -0.002319336 0.019577026 0.041809082 0.07130432 0.124176025 0.16595459 0.15690613 0.13763428 0.16183472 0.19917297
0.016799927 0.027114868 -0.08216858 -0.09875488 -0.08529663 -0.040237427 -0.0064086914 -0.005569458 0.020767212 0.029129028 0.036819458 0.019851685 0.015365601 0.012802124 0.013641357 0.01222229 0.015533447 0.035568237 0.057891846 0.06738281 0.106399536 0.13212585 0.10391235 0.09933472 0.011154175 -0.12495422 -0.24517822 -0.23835754 -0.2237854 -0.20306396
0.030136108 0.051132202 0.022445679 0.00970459 -0.039535522 -0.082229614 -0.107543945 -0.061569214 0.039367676 0.009857178 -0.01159668 -0.003692627 0.021347046 0.0051879883 0.013397217 -0.0015106201 0.011688232 0.09196472 0.112960815 0.101119995 0.061691284 -0.03175354 -0.076797485 -0.13406372 -0.16184998 -0.11227417 -0.050354004 -0.032318115 -0.035324097 -0.0756073
0.03262329 0.034835815 0.039230347 0.051116943 0.059814453 0.04624939 0.039367676 0.0934906 0.057769775 -0.046798706 -0.039245605 0.018051147 0.07281494 0.05581665 0.050628662 0.030166626 0.028930664 -0.036987305 -0.16516113 -0.19969177 -0.26461792 -0.22659302 -0.12945557 -0.08911133 -0.03012085 -0.0315094 -0.031784058 -0.033966064 -0.028930664 -0.06604004
0.076416016 0.04270935 0.014770508 0.00064086914 -0.016723633 -0.030441284 0.014877319 0.052139282 -0.03086853 0.050445557 0.09182739 0.059188843 -0.048095703 -0.061904907 -0.0032196045 0.0054473877 0.056503296 -0.019165039 -0.05456543 -0.00022888184 0.08143616 0.1282196 0.04826355 0.0023498535 0.001159668 -0.008483887 -0.003921509 -0.0035095215 -0.0062408447 -0.04812622
0.06990051 0.045043945 0.08163452 0.08319092 0.08798218 0.08995056 0.047561646 -0.034454346 -0.055984497 -0.041763306 -0.077926636 -0.03805542 -0.021759033 0.017196655 0.0011138916 0.020751953 0.015945435 -0.06977844 -0.031723022 -0.041412354 -0.031600952 -0.08894348 -0.050491333 -0.008621216 -0.016693115 -0.002243042 -0.008377075 -0.0143585205 -0.012893677 -0.08135986
-0.0438385 -0.070877075 -0.06512451 -0.04966736 -0.047943115 -0.030441284 -0.013717651 0.06274414 0.12060547 0.04081726 0.009811401 -0.0017242432 -0.01272583 -0.056930542 -0.0602417 -0.017089844 -0.059280396 -0.04547119 -0.019165039 -0.022781372 -0.013473511 -0.020446777 0.014923096 -0.017303467 -0.026870728 -0.025527954 -0.024429321 -0.013946533 -0.02684021 -0.14720154
-0.100753784 -0.08126831 -0.066848755 -0.058258057 -0.03755188 -0.05619812 -0.088531494 -0.115478516 -0.14622498 -0.15223694 -0.1473999 -0.16534424 -0.17649841 -0.14442444 -0.14915466 -0.16764832 -0.14820862 -0.10070801 -0.08200073 -0.073028564 -0.073135376 -0.018447876 -0.009750366 -0.015945435 -0.017990112 -0.019958496 -0.012954712 0.01940918 -0.12606812 -0.08984375
-0.004119873 -0.084625244 -0.08895874 -0.11895752 -0.14086914 -0.13238525 -0.12159729 -0.1166687 -0.106658936 -0.09933472 -0.09817505 -0.08569336 -0.07574463 -0.05458069 -0.043380737 -0.009811401 -0.026443481 -0.03564453 -0.032592773 -0.03451538 -0.046676636 -0.04324341 -0.05491638 -0.026565552 -0.01939392 -0.011108398 0.014862061 -0.07765198 -0.12504578 0.06289673
0.07316589 0.0382843 -0.0043945312 -0.010818481 -0.0052948 -0.0051727295 0.0015106201 0.0074920654 0.0041656494 0.0061187744 -0.0071868896 -0.015563965 -0.013656616 -0.01373291 0.0027618408 -0.0066986084 -0.025253296 -0.025787354 -0.02961731 -0.03755188 -0.047714233 -0.045425415 -0.03692627 -0.030151367 -0.020324707 -0.013885498 -0.0050964355 -0.060836792 0.10845947 0.114974976
-0.016967773 -0.0019989014 -0.0688324 -0.07620239 -0.07624817 -0.08610535 -0.07701111 -0.061279297 -0.05378723 -0.04336548 -0.036026 -0.03388977 -0.022537231 -0.017227173 -0.02053833 -0.034942627 -0.039398193 -0.07713318 -0.08728027 -0.0569458 -0.0395813 -0.05140686 -0.03968811 -0.034439087 -0.04360962 -0.011428833 -0.10412598 -0.078308105 -0.016052246 -0.0793457
0.045715332 0.03340149 0.051467896 0.026519775 0.03955078 0.06744385 0.04537964 -0.0034637451 -0.035720825 -0.03916931 -0.054092407 -0.053512573 -0.042510986 -0.051712036 -0.06864929 -0.0844574 -0.06272888 0.0013427734 0.05102539 0.016830444 -0.028717041 -0.036331177 0.0045776367 -0.011932373 -0.013183594 -0.003036499 0.006591797 0.12289429 0.04286194 -0.015426636
0.004623413 0.025558472 0.038146973 0.045547485 0.03627014 0.024291992 0.04724121 0.08280945 0.09631348 0.08798218 0.08390808 0.0736084 0.053955078 0.053131104 0.045059204 0.026489258 -0.0084991455 -0.04975891 -0.08786011 -0.08581543 -0.071624756 -0.038513184 -0.07513428 -0.06729126 -0.043380737 -0.0953064 -0.083984375 -0.08744812 -0.08718872 -0.053024292
0.032058716 0.0064849854 -0.0030975342 -0.0038146973 -0.019592285 -0.045211792 -0.06590271 -0.055511475 -0.02670288 -0.005630493 0.01461792 0.034057617 0.04336548 0.035064697 0.026824951 0.04333496 0.04901123 0.05583191 0.053649902 0.047836304 0.041503906 0.012588501 -0.027191162 -0.0093688965 -0.01939392 -0.037521362 -0.05142212 -0.099121094 -0.10018921 -0.09915161
-0.041732788 -0.046432495 -0.026153564 -0.021850586 0.0031280518 0.022323608 0.015014648 0.0049743652 -0.024963379 -0.012039185 -0.016647339 -0.022964478 -0.019210815 0.015579224 0.029586792 0.0010070801 0.01171875 0.012451172 -0.0011138916 0.0071258545 0.022476196 0.04069519 0.06536865 0.036361694 0.0032348633 0.001373291 0.015945435 0.009429932 -0.019943237 -0.0048217773
-0.057128906 -0.041046143 0.0010223389 -0.0056915283 -0.015548706 -0.03137207 -0.020309448 -0.04319763 -0.048706055 -0.04156494 -0.04611206 -0.032226562 -0.040420532 -0.07533264 -0.09173584 -0.029846191 0.010604858 -0.010772705 -0.023422241 -0.033721924 -0.030227661 -0.022018433 -0.0025024414 -0.0023651123 0.021652222 0.020248413 0.001739502 -0.0018615723 -0.031707764 -0.052612305
0.0052337646 0.010879517 -0.025299072 -0.02293396 -0.03251648 -0.019195557 -0.0007019043 0.014099121 0.012786865 -0.003692627 -0.011779785 0.00894165 0.006866455 0.0061798096 -0.005050659 -0.043640137 -0.09182739 -0.06871033 -0.035858154 -0.015975952 -0.030960083 -0.060791016 -0.081848145 -0.075286865 -0.06808472 -0.07637024 -0.0552063 -0.025314331 0.021591187 0.0008544922
-0.027648926 -0.03326416 -0.022979736 -0.015731812 -6.1035156e-05 -0.0025177002 -0.023040771 -0.03843689 0.0069274902 0.004623413 -0.0008087158 -0.0028839111 -0.026611328 -0.009750366 0.0054626465 0.023483276 0.04624939 0.07836914 0.037979126 0.016738892 0.014190674 0.03767395 0.03692627 0.0390625 0.016494751 0.01626587 0.013473511 -0.01586914 -0.05366516 -0.053741455
-0.021911621 -0.01675415 -0.02848816 -0.036376953 -0.04324341 -0.060546875 -0.038757324 -0.024536133 -0.018066406 -0.08004761 -0.05744934 -0.081451416 -0.060424805 -0.039855957 -0.039245605 -0.030380249 -0.029922485 -0.09350586 -0.1096344 -0.06291199 -0.049545288 -0.055267334 -0.028945923 -0.031661987 -0.031585693 -0.027954102 -0.019592285 -0.014526367 -0.018218994 -0.023208618
0.005050659 -0.017227173 -0.029937744 -0.01776123 -0.034973145 -0.00970459 -0.00019836426 -0.010406494 -0.059539795 -0.022506714 -0.0015563965 -0.0031280518 -0.002243042 -0.020996094 -0.017471313 -0.033691406 -0.041275024 -0.033966064 0.015716553 0.0026550293 -0.004486084 -0.020248413 -0.031677246 -0.054626465 -0.031143188 -0.033721924 -0.04273987 -0.048828125 -0.04119873 -0.039901733
-0.08010864 -0.060043335 -0.0032348633 -0.007843018 -0.019561768 -0.034835815 -0.04727173 -0.02142334 0.04949951 -0.0025177002 -0.040390015 -0.02281189 0.0065612793 -0.008132935 -0.01991272 -0.0126953125 -0.016143799 -0.035690308 -0.047332764 -0.036071777 -0.044647217 -0.032669067 -0.041244507 -0.03125 -0.037094116 -0.040756226 -0.041534424 -0.036071777 -0.03286743 -0.037597656
-0.027938843 -0.013442993 -0.03605652 -0.064712524 -0.03175354 0.03881836 0.010070801 0.008422852 -0.004257202 -0.030456543 0.0031280518 -0.029541016 -0.072250366 -0.07156372 -0.025543213 -0.016220093 -0.0064086914 -0.0005493164 0.0063934326 -0.0046844482 -0.023330688 -0.011764526 -0.020828247 -0.007751465 -0.024627686 -0.007385254 -0.024383545 -0.029022217 -0.037521362 -0.031692505

-- Channel 5 --
0.10342407 0.10409546 0.10417175 0.10574341 0.10658264 0.10658264 0.10658264 0.10658264 0.10658264 0.10658264 0.10752869 0.10899353 0.110458374 0.110458374 0.110458374 0.110458374 0.110458374 0.110458374 0.110458374 0.110458374 0.110458374 0.110458374 0.10946655 0.11282349 0.11048889 0.110458374 0.110458374 0.110458374 0.110458374 0.110458374
0.10598755 0.1083374 0.103393555 0.11102295 0.11035156 0.110458374 0.110458374 0.110458374 0.110458374 0.110458374 0.110458374 0.110458374 0.110458374 0.110458374 0.110458374 0.110458374 0.110458374 0.110458374 0.110458374 0.110458374 0.110458374 0.108047485 0.10346985 0.11582947 0.110198975 0.110458374 0.110458374 0.110458374 0.110458374 0.110458374
0.108078 0.10328674 0.10626221 0.10972595 0.11325073 0.11035156 0.110458374 0.110458374 0.110458374 0.110458374 0.110458374 0.110458374 0.110458374 0.110458374 0.110458374 0.110458374 0.110458374 0.110458374 0.110458374 0.110458374 0.110458374 0.107055664 0.107681274 0.119628906 0.11050415 0.110458374 0.110458374 0.110458374 0.110458374 0.110458374
0.10951233 0.104522705 0.10510254 0.11630249 0.11276245 0.111694336 0.110458374 0.110458374 0.110458374 0.110458374 0.110458374 0.110458374 0.110458374 0.110458374 0.110458374 0.110458374 0.110458374 0.110458374 0.110458374 0.110458374 0.110458374 0.11035156 0.10093689 0.11468506 0.11218262 0.11035156 0.110458374 0.110458374 0.110458374 0.110458374
0.110458374 0.09921265 0.0962677 0.12730408 0.11279297 0.11135864 0.110458374 0.110458374 0.110458374 0.110458374 0.110458374 0.110458374 0.110458374 0.110458374 0.110458374 0.110458374 0.110458374 0.110458374 0.110458374 0.110458374 0.110458374 0.11010742 0.07740784 0.11759949 0.12210083 0.11062622 0.10925293 0.110458374 0.110458374 0.110458374
0.10687256 0.10662842 0.11430359 0.119155884 0.11746216 0.11228943 0.10925293 0.110458374 0.110458374 0.10922241 0.11064148 0.11103821 0.110458374 0.110458374 0.110458374 0.110458374 0.110458374 0.10922241 0.10940552 0.10998535 0.10891724 0.10360718 0.057052612 0.14424133 0.12742615 0.10986328 0.11109924 0.108169556 0.10820007 0.10650635
0.111694336 0.09169006 0.080459595 0.11026001 0.1252594 0.11213684 0.110198975 0.110458374 0.10922241 0.10873413 0.11280823 0.1121521 0.110458374 0.110458374 0.110458374 0.110458374 0.110458374 0.10978699 0.11260986 0.11354065 0.11001587 0.10923767 0.12678528 0.13230896 0.11817932 0.119140625 0.11143494 0.11140442 0.11279297 0.11026001
0.09089661 0.027313232 0.15034485 0.13768005 0.12535095 0.11187744 0.109298706 0.11193848 0.10899353 0.11349487 0.1136322 0.11256409 0.11026001 0.109298706 0.11003113 0.10925293 0.10670471 0.10971069 0.11253357 0.11178589 0.11244202 0.112976074 0.11167908 0.05784607 0.08213806 0.068099976 0.107925415 0.099365234 0.099365234 0.12745667
0.061813354 0.070617676 0.11174011 0.10229492 0.11392212 0.12150574 0.13175964 0.10765076 0.111968994 0.11558533 0.11956787 0.115753174 0.11254883 0.111953735 0.108306885 0.10961914 0.11276245 0.11329651 0.11860657 0.11578369 0.085235596 0.08506775 0.04185486 0.0063323975 -0.0015106201 0.053466797 0.071746826 0.059402466 0.06826782 0.23846436
0.0929718 0.12754822 0.09020996 0.14234924 0.14993286 0.15631104 0.16017151 0.09579468 0.093322754 0.108306885 0.12663269 0.10623169 0.11222839 0.106414795 0.10758972 0.09815979 0.08000183 0.07476807 0.07090759 0.026885986 0.023132324 0.052581787 0.036483765 0.12628174 0.19624329 0.22053528 0.1897583 0.20838928 0.24249268 0.32492065
0.08958435 0.09921265 0.05621338 0.095565796 0.14898682 0.1706543 0.1337738 0.05482483 0.13371277 0.13745117 0.1330719 0.101989746 0.12155151 0.10093689 0.108444214 0.05230713 -0.015716553 0.040634155 0.05770874 0.0887146 0.13749695 0.15203857 0.18499756 0.16615295 0.105163574 0.031707764 0.013214111 0.021484375 0.07197571 0.15274048
0.09303284 0.103012085 0.08583069 0.072525024 0.08984375 0.07778931 0.039520264 0.09489441 0.18147278 0.14039612 0.06745911 0.05947876 0.12670898 0.09675598 0.09126282 0.046920776 0.06309509 0.17224121 0.19558716 0.23460388 0.12423706 0.079437256 0.07287598 0.012237549 0.01512146 -0.002090454 -0.00033569336 -0.0049591064 0.035720825 0.11627197
0.12371826 0.12365723 0.13775635 0.13841248 0.12812805 0.08821106 0.120391846 0.15498352 0.058807373 0.120895386 0.10090637 0.13742065 0.13908386 0.11294556 0.115859985 0.04508972 0.097854614 0.050430298 -0.008102417 -0.04928589 -0.06506348 -0.02784729 -0.016281128 -0.0050964355 -0.0024108887 -0.022094727 -0.02633667 -0.027404785 0.02671814 0.11553955
0.1005249 0.12440491 0.10757446 0.097229004 0.089035034 0.13630676 0.17927551 0.12094116 0.12232971 0.20013428 0.16043091 0.08905029 0.06504822 0.10221863 0.09454346 0.106399536 0.09237671 0.005554199 -0.0093688965 0.017791748 0.0957489 0.0038909912 -0.008331299 -0.007019043 -0.01828003 -0.014099121 -0.029006958 -0.023666382 0.0660553 0.09703064
0.11680603 0.14421082 0.16926575 0.16041565 0.15866089 0.14631653 0.08312988 0.07261658 0.12623596 0.1028595 0.10057068 0.07646179 0.10569763 0.07104492 0.0990448 0.11354065 0.02722168 -0.012191772 -0.0134887695 -0.0087890625 0.021774292 -0.027954102 -0.00088500977 0.0010070801 -0.002090454 -0.0029907227 -0.01889038 0.005554199 0.13513184 0.029296875
0.0619812 0.04411316 0.07165527 0.091674805 0.1096344 0.11431885 0.14260864 0.17614746 0.16731262 0.13819885 0.12806702 0.112335205 0.07206726 0.08744812 0.072006226 0.04084778 0.009719849 0.005203247 0.0032653809 0.0071258545 -0.012329102 0.018753052 -0.0009765625 0.0032348633 0.004837036 -0.00061035156 -0.001449585 0.14794922 0.018707275 0.011886597
-0.009521484 0.022979736 0.03567505 0.067230225 0.06556702 0.06555176 0.054473877 0.050964355 0.04762268 0.032943726 0.018569946 -0.002532959 -0.0096588135 0.005050659 -0.030166626 0.006500244 0.022781372 0.02079773 0.022537231 0.022323608 0.034683228 0.04786682 0.025009155 0.016708374 0.015014648 0.016586304 0.13172913 0.06211853 -0.05090332 0.074142456
-0.07888794 0.0047912598 0.0090789795 0.018676758 0.024291992 0.02003479 0.018844604 0.022994995 0.03440857 0.04837036 0.056930542 0.05619812 0.055664062 0.06738281 0.106796265 0.14694214 0.14845276 0.14172363 0.12870789 0.110443115 0.08647156 0.07388306 0.053329468 0.044326782 0.038528442 0.052642822 0.07707214 -0.083847046 0.019195557 0.071762085
0.052520752 0.070495605 0.1315918 0.16499329 0.17852783 0.15579224 0.15473938 0.17022705 0.17811584 0.19845581 0.2147522 0.20391846 0.20915222 0.21966553 0.24116516 0.24095154 0.26139832 0.20288086 0.16091919 0.1482544 0.1383667 0.09176636 0.087890625 0.06770325 0.043670654 0.1269226 0.019424438 0.037582397 0.12727356 0.117370605
0.06159973 0.055236816 0.101989746 0.11224365 0.116744995 0.15510559 0.16522217 0.18292236 0.19955444 0.224823 0.23672485 0.23930359 0.2548828 0.26617432 0.2626953 0.21965027 0.15516663 0.12483215 0.11834717 0.12973022 0.10935974 0.059692383 0.08847046 0.052108765 0.022949219 0.012008667 -0.03918457 0.061172485 0.0783844 0.08506775
0.05558777 0.062561035 0.051635742 0.05027771 0.06866455 0.07034302 0.07144165 0.061141968 0.074905396 0.076187134 0.08859253 0.095703125 0.10029602 0.12197876 0.11653137 0.12602234 0.13371277 0.15290833 0.1340332 0.091156006 0.067352295 0.08578491 0.04827881 0.06629944 0.047195435 0.018600464 0.08477783 0.097976685 0.09379578 0.0791626
0.07850647 0.06736755 0.059188843 0.06239319 0.05441284 0.06390381 0.06100464 0.0806427 0.072250366 0.059448242 0.046401978 0.044021606 0.047698975 0.0460968 0.04966736 0.046051025 0.027359009 0.013885498 0.0030212402 0.01020813 0.022705078 0.01612854 -0.018127441 0.012817383 0.024612427 0.0034942627 0.03237915 0.038208008 0.071884155 0.066467285
0.10762024 0.07688904 0.07229614 0.05760193 0.064331055 0.05154419 0.0499115 0.07670593 0.075164795 0.08250427 0.07444763 0.06642151 0.039520264 0.06227112 0.079696655 0.037506104 0.040908813 0.039657593 0.018341064 0.012466431 -0.0027008057 -0.02204895 -0.0038146973 0.0059661865 -0.00076293945 -0.0073242188 -0.024154663 -0.013549805 -0.017623901 0.031021118
0.049560547 0.053146362 0.060668945 0.067337036 0.084198 0.08470154 0.09182739 0.07803345 0.08029175 0.09362793 0.077926636 0.082611084 0.0987854 0.09703064 0.05834961 0.058792114 0.07684326 0.06982422 0.054855347 0.031570435 0.0345459 0.027755737 0.038406372 0.012634277 0.023040771 0.02418518 0.021560669 0.021194458 0.0236969 0.055786133
0.034210205 0.06283569 0.061401367 0.07096863 0.041503906 0.04611206 0.042510986 0.052124023 0.04864502 0.05583191 0.042648315 0.070129395 0.050949097 0.046798706 0.07254028 0.09983826 0.07505798 0.066223145 0.04951477 0.054260254 0.05847168 0.0639801 0.051940918 0.06704712 0.0713501 0.047058105 0.016784668 -0.0012969971 0.032333374 -0.0016174316
0.06581116 0.054534912 0.050582886 0.037643433 0.05680847 0.052383423 0.07032776 0.027557373 0.07550049 0.046295166 0.05493164 0.08280945 0.05796814 0.06135559 0.03440857 0.0017242432 -0.019073486 0.056167603 0.045166016 0.032989502 0.014404297 0.009765625 0.0016479492 0.02192688 0.012542725 0.014526367 0.026000977 0.03869629 0.043258667 0.055343628
0.052978516 0.059753418 0.052200317 0.07144165 0.079452515 0.06100464 0.03829956 0.051605225 0.111587524 0.07659912 0.08476257 0.05895996 0.0675354 0.06237793 0.054534912 0.057785034 0.11227417 0.09689331 0.06918335 0.056869507 0.06135559 0.039901733 0.063949585 0.049209595 0.049057007 0.03694153 0.0382843 0.023254395 0.028518677 0.04147339
0.07559204 0.05822754 0.04446411 0.055618286 0.028213501 0.033355713 0.06123352 0.06539917 0.032165527 0.04675293 0.023651123 0.030410767 0.044906616 0.053390503 0.0662384 0.057403564 0.03314209 0.0078125 0.027374268 0.026138306 0.043914795 0.039489746 0.05609131 0.03501892 0.04447937 0.039260864 0.038528442 0.027877808 0.023147583 0.008911133
0.062683105 0.03565979 0.05505371 0.04916382 0.05870056 0.045425415 0.031967163 -0.023208618 0.08248901 0.038635254 0.028808594 0.01020813 0.067977905 0.05278015 0.04876709 0.03440857 0.032333374 0.04270935 0.03779602 0.049545288 0.040908813 0.052841187 0.024154663 0.040924072 0.035247803 0.02418518 0.009643555 0.0028381348 0.012023926 0.00093078613
0.017791748 0.06611633 0.07055664 0.032546997 -0.008041382 0.053634644 -0.018798828 0.029510498 0.09031677 0.054336548 0.024093628 0.057266235 0.047561646 0.050689697 0.040649414 0.031234741 0.022628784 0.01499939 0.025985718 0.031814575 0.023040771 0.035964966 0.022247314 0.030227661 0.009140015 0.02230835 -0.00035095215 0.0025634766 0.0068511963 0.041900635

-- Channel 6 --
0.4353485 0.43492126 0.4343872 0.4351654 0.43455505 0.43455505 0.43455505 0.43455505 0.43455505 0.43455505 0.4359131 0.4355011 0.43408203 0.43408203 0.43408203 0.43408203 0.43408203 0.43408203 0.43408203 0.43408203 0.43408203 0.43408203 0.4317627 0.4326477 0.43411255 0.43408203 0.43408203 0.43408203 0.43408203 0.43408203
0.43415833 0.43110657 0.43460083 0.43276978 0.43493652 0.43408203 0.43408203 0.43408203 0.43408203 0.43408203 0.43408203 0.43408203 0.43408203 0.43408203 0.43408203 0.43408203 0.43408203 0.43408203 0.43408203 0.43408203 0.43408203 0.43354797 0.42607117 0.4256134 0.44023132 0.43408203 0.43408203 0.43408203 0.43408203 0.43408203
0.43385315 0.43263245 0.4295044 0.43301392 0.43162537 0.43493652 0.43408203 0.43408203 0.43408203 0.43408203 0.43408203 0.43408203 0.43408203 0.43408203 0.43408203 0.43408203 0.43408203 0.43408203 0.43408203 0.43408203 0.43408203 0.43122864 0.41874695 0.42570496 0.4386139 0.43408203 0.43408203 0.43408203 0.43408203 0.43408203
0.432724 0.43147278 0.42315674 0.42474365 0.4381714 0.43295288 0.43408203 0.43408203 0.43408203 0.43408203 0.43408203 0.43408203 0.43408203 0.43408203 0.43408203 0.43408203 0.43408203 0.43408203 0.43408203 0.43408203 0.43408203 0.42889404 0.4109497 0.42056274 0.4479828 0.43493652 0.43408203 0.43408203 0.43408203 0.43408203
0.43408203 0.42488098 0.4084015 0.41233826 0.4446869 0.4370575 0.43408203 0.43408203 0.43408203 0.43408203 0.43408203 0.43408203 0.43408203 0.43408203 0.43408203 0.43408203 0.43408203 0.43408203 0.43408203 0.43408203 0.43408203 0.4272461 0.397995 0.39875793 0.44606018 0.4384308 0.4352417 0.43408203 0.43408203 0.43408203
0.4342041 0.41609192 0.3991089 0.4288025 0.43963623 0.43684387 0.4352417 0.43408203 0.43408203 0.43289185 0.43370056 0.43447876 0.43408203 0.43408203 0.43408203 0.43408203 0.43408203 0.43289185 0.43251038 0.4329071 0.43273926 0.42443848 0.3678131 0.3542633 0.4513855 0.43873596 0.43632507 0.4347992 0.43367004 0.4322052
0.4300232 0.410614 0.3678589 0.40039062 0.46380615 0.43836975 0.4350891 0.43408203 0.43289185 0.43029785 0.43499756 0.43440247 0.43408203 0.43408203 0.43408203 0.43408203 0.43408203 0.4318695 0.43395996 0.43426514 0.43244934 0.42436218 0.3361969 0.37763977 0.45925903 0.44947815 0.43199158 0.4300995 0.4337921 0.4313202
0.4212036 0.36227417 0.30270386 0.41853333 0.4449005 0.4399414 0.43553162 0.4322815 0.43315125 0.43081665 0.43652344 0.43406677 0.43562317 0.43681335 0.43443298 0.4352417 0.43318176 0.42767334 0.4310913 0.43037415 0.42941284 0.42286682 0.34472656 0.37065125 0.4979248 0.42997742 0.38528442 0.4104004 0.4081421 0.41036987
0.39804077 0.26307678 0.2565918 0.31781006 0.4186859 0.43016052 0.42692566 0.4406433 0.42895508 0.42965698 0.4293518 0.43214417 0.43267822 0.43234253 0.4336548 0.43469238 0.43122864 0.42852783 0.42687988 0.4297638 0.42463684 0.39041138 0.34822083 0.3003235 0.27682495 0.17826843 0.19671631 0.20385742 0.2156372 0.2922821
0.35073853 0.20420837 0.23196411 0.384964 0.35458374 0.35862732 0.39543152 0.42884827 0.41625977 0.40641785 0.4123993 0.43174744 0.4269867 0.4316864 0.43173218 0.4319458 0.41305542 0.38287354 0.3728943 0.35739136 0.28877258 0.24523926 0.17424011 0.069732666 0.014297485 -0.015182495 -0.0006713867 0.04623413 0.052703857 0.29180908
0.32118225 0.20419312 0.2446289 0.37171936 0.39593506 0.4330902 0.475235 0.42269897 0.3516388 0.3968811 0.40499878 0.4153595 0.42044067 0.43518066 0.4250183 0.4072876 0.30374146 0.17945862 0.1633606 0.12312317 0.06515503 0.013137817 -0.058502197 -0.11109924 -0.15618896 -0.117248535 -0.0059509277 0.042282104 0.07772827 0.49884033
0.31817627 0.28030396 0.30249023 0.31155396 0.36221313 0.43981934 0.47958374 0.37850952 0.35125732 0.39060974 0.41156006 0.3647461 0.34655762 0.40127563 0.39160156 0.31228638 0.10505676 -0.015274048 -0.015960693 -0.018463135 -0.036972046 -0.07783508 -0.08944702 -0.09257507 -0.0014190674 0.043167114 0.031173706 0.019439697 0.12617493 0.5714874
0.25686646 0.313385 0.36190796 0.3312683 0.37098694 0.4048767 0.3221588 0.24110413 0.27926636 0.32951355 0.3221283 0.2935028 0.3113861 0.3201599 0.28381348 0.16506958 -0.15179443 -0.17367554 -0.0362854 0.036239624 0.022537231 0.035858154 0.04963684 0.025024414 0.03300476 0.03919983 0.037765503 0.03213501 0.15336609 0.6105499
0.19868469 0.21138 0.31245422 0.29187012 0.287735 0.28457642 0.2414093 0.2227478 0.24887085 0.3013153 0.16526794 0.099349976 0.18251038 0.27061462 0.20040894 0.0054473877 -0.16975403 -0.13989258 0.026733398 0.09700012 0.0713501 -0.017715454 -0.03300476 0.012420654 0.023513794 0.034835815 0.026153564 0.02897644 0.17095947 0.63894653
0.08465576 0.21240234 0.2131195 0.206604 0.16859436 0.1138916 0.09715271 0.15141296 0.12936401 0.10127258 0.13049316 0.07496643 0.111465454 0.12944031 0.032989502 -0.07765198 -0.16708374 -0.03968811 0.010910034 0.011154175 0.05003357 0.025894165 0.0098724365 -0.009185791 0.009841919 0.02758789 0.017349243 0.03677368 0.26249695 0.7182007
-0.002456665 0.14208984 0.17778015 0.09628296 0.06283569 0.07040405 0.09918213 0.10322571 -0.00944519 -0.041900635 0.03175354 0.017715454 0.041397095 0.028030396 -0.004119873 -0.06843567 -0.09269714 -0.019088745 -0.0066375732 -0.0055236816 0.06037903 0.016921997 -0.046417236 -0.023132324 0.000289917 0.020492554 0.033325195 0.09262085 0.50598145 0.7012329
0.116485596 0.08959961 0.12535095 0.094436646 0.04170227 0.040222168 0.06719971 0.04711914 0.040618896 0.03378296 0.035247803 0.054000854 0.08868408 0.08665466 -0.0012359619 0.051589966 0.05921936 0.04437256 0.046218872 0.038223267 0.06047058 0.05229187 -0.03982544 -0.008865356 -0.005844116 0.019592285 0.07803345 0.36595154 0.6119995 0.7326355
0.03289795 0.100112915 0.10557556 0.10522461 0.11012268 0.1287384 0.13006592 0.1272583 0.096466064 0.096710205 0.10183716 0.10874939 0.12298584 0.11109924 0.10139465 0.067230225 0.063568115 0.055511475 0.048843384 0.04988098 0.050460815 0.03265381 0.023376465 0.00021362305 0.0021209717 0.027008057 0.20735168 0.51142883 0.643692 0.4996643
-0.04273987 0.14726257 0.18844604 0.1875 0.1924591 0.20071411 0.19856262 0.15681458 0.15182495 0.13356018 0.12226868 0.1348877 0.13241577 0.12705994 0.10241699 0.07192993 0.07054138 0.0874176 0.05067444 0.04319763 0.067337036 0.07009888 0.024978638 0.0287323 0.016357422 0.07524109 0.41105652 0.5550995 0.44334412 0.29185486
0.17060852 0.16447449 0.28645325 0.26478577 0.24736023 0.24378967 0.2771759 0.2672577 0.23397827 0.22537231 0.20861816 0.19270325 0.1882019 0.1761322 0.15974426 0.162323 0.15649414 0.09654236 0.10116577 0.10649109 0.11277771 0.062683105 0.031448364 0.04890442 0.041870117 0.15890503 0.35482788 0.40782166 0.2585144 0.2537079
0.25491333 0.26568604 0.26382446 0.2559662 0.23876953 0.2448883 0.22729492 0.264328 0.277359 0.26731873 0.26341248 0.26071167 0.2354126 0.23304749 0.25273132 0.24180603 0.24267578 0.19970703 0.103012085 0.12606812 0.14889526 0.08683777 0.08387756 0.07878113 0.06629944 0.19290161 0.30647278 0.19116211 0.133255 0.20193481
0.29296875 0.2842865 0.2754364 0.24526978 0.22987366 0.26623535 0.32359314 0.2748108 0.27488708 0.26286316 0.26171875 0.2494812 0.2480011 0.27523804 0.2819214 0.25332642 0.19975281 0.17829895 0.20558167 0.21659851 0.22131348 0.16020203 0.12265015 0.18255615 0.11619568 0.15937805 0.2368164 0.18502808 0.21614075 0.24977112
0.26493835 0.2769165 0.27886963 0.2654724 0.23638916 0.26124573 0.28240967 0.3118286 0.2858734 0.27355957 0.27386475 0.26272583 0.23754883 0.23905945 0.2866211 0.27557373 0.22351074 0.2141571 0.23271179 0.22587585 0.19544983 0.17706299 0.1593628 0.179245 0.21199036 0.17385864 0.19490051 0.1963501 0.23583984 0.27259827
0.3060913 0.29782104 0.28259277 0.27664185 0.2752533 0.2648468 0.2543335 0.26322937 0.27503967 0.2654419 0.26515198 0.25654602 0.25584412 0.27548218 0.26000977 0.21591187 0.21331787 0.22750854 0.23884583 0.23501587 0.20913696 0.1787262 0.14759827 0.14981079 0.19100952 0.22612 0.19940186 0.18849182 0.21115112 0.27793884
0.28152466 0.3210144 0.2818756 0.2536621 0.26290894 0.27046204 0.26257324 0.25100708 0.27368164 0.27650452 0.2815857 0.25602722 0.25346375 0.26057434 0.30708313 0.27915955 0.22790527 0.2534485 0.25338745 0.21470642 0.21533203 0.19203186 0.1940155 0.20109558 0.2154541 0.20851135 0.20829773 0.17315674 0.17176819 0.24201965
0.27145386 0.25006104 0.2555542 0.26800537 0.2383728 0.275177 0.26042175 0.25628662 0.19551086 0.2520752 0.2437439 0.24853516 0.2763214 0.26783752 0.25123596 0.21846008 0.23139954 0.254364 0.27049255 0.21272278 0.18173218 0.19448853 0.20205688 0.22792053 0.23672485 0.23857117 0.21716309 0.20013428 0.20521545 0.20610046
0.25164795 0.25482178 0.2562561 0.24002075 0.25950623 0.23336792 0.24005127 0.19358826 0.22642517 0.23406982 0.22865295 0.25325012 0.28160095 0.2775421 0.26008606 0.20703125 0.17338562 0.23594666 0.21972656 0.19923401 0.19767761 0.19267273 0.16445923 0.19387817 0.20896912 0.20231628 0.1618805 0.13795471 0.19091797 0.2659912
0.2353363 0.25186157 0.23971558 0.23223877 0.2517395 0.2502594 0.21336365 0.1817627 0.19737244 0.26506042 0.25079346 0.26889038 0.3052063 0.26634216 0.24879456 0.19210815 0.16833496 0.2084198 0.27812195 0.20835876 0.18629456 0.18418884 0.19296265 0.19302368 0.1956482 0.1737976 0.17190552 0.16453552 0.18727112 0.24525452
0.23287964 0.23033142 0.21784973 0.24024963 0.24882507 0.24272156 0.18075562 0.12251282 0.17126465 0.34371948 0.24836731 0.24519348 0.21875 0.26280212 0.23806763 0.19332886 0.21951294 0.27696228 0.2267456 0.17494202 0.1844635 0.17001343 0.19171143 0.20726013 0.19619751 0.173172 0.16712952 0.1844635 0.21113586 0.23820496
0.2527771 0.25819397 0.24073792 0.23298645 0.21478271 0.13673401 0.17214966 0.077178955 0.16438293 0.25135803 0.2773285 0.2129364 0.24668884 0.21760559 0.24301147 0.22319031 0.21148682 0.23031616 0.22038269 0.19493103 0.19419861 0.212677 0.20147705 0.20928955 0.18130493 0.17962646 0.19033813 0.18469238 0.20137024 0.20361328

-- Channel 7 --
-0.8907013 -0.8904114 -0.8942566 -0.891922 -0.89364624 -0.89364624 -0.89364624 -0.89364624 -0.89364624 -0.89364624 -0.8932495 -0.8945465 -0.8933563 -0.8933563 -0.8933563 -0.8933563 -0.8933563 -0.8933563 -0.8933563 -0.8933563 -0.8933563 -0.8933563 -0.8885498 -0.8939514 -0.8923187 -0.8933563 -0.8933563 -0.8933563 -0.8933563 -0.8933563
-0.8923645 -0.8926239 -0.89167786 -0.89289856 -0.8946228 -0.8933563 -0.8933563 -0.8933563 -0.8933563 -0.8933563 -0.8933563 -0.8933563 -0.8933563 -0.8933563 -0.8933563 -0.8933563 -0.8933563 -0.8933563 -0.8933563 -0.8933563 -0.8933563 -0.8925781 -0.88420105 -0.8920593 -0.8963318 -0.8933563 -0.8933563 -0.8933563 -0.8933563 -0.8933563
-0.892334 -0.8937988 -0.8872528 -0.8946228 -0.8936615 -0.8946228 -0.8933563 -0.8933563 -0.8933563 -0.8933563 -0.8933563 -0.8933563 -0.8933563 -0.8933563 -0.8933563 -0.8933563 -0.8933563 -0.8933563 -0.8933563 -0.8933563 -0.8933563 -0.8877716 -0.871933 -0.8943939 -0.89068604 -0.8933563 -0.8933563 -0.8933563 -0.8933563 -0.8933563
-0.89375305 -0.8879242 -0.884552 -0.888855 -0.8961334 -0.8931885 -0.8933563 -0.8933563 -0.8933563 -0.8933563 -0.8933563 -0.8933563 -0.8933563 -0.8933563 -0.8933563 -0.8933563 -0.8933563 -0.8933563 -0.8933563 -0.8933563 -0.8933563 -0.8820648 -0.8643036 -0.8868561 -0.8907623 -0.8946228 -0.8933563 -0.8933563 -0.8933563 -0.8933563
-0.8933563 -0.88145447 -0.8654938 -0.8887329 -0.8977051 -0.8942566 -0.8933563 -0.8933563 -0.8933563 -0.8933563 -0.8933563 -0.8933563 -0.8933563 -0.8933563 -0.8933563 -0.8933563 -0.8933563 -0.8933563 -0.8933563 -0.8933563 -0.8933563 -0.88479614 -0.8465729 -0.8755493 -0.89315796 -0.9001312 -0.8924866 -0.8933563 -0.8933563 -0.8933563
-0.89279175 -0.8674927 -0.8446655 -0.89019775 -0.8754425 -0.89367676 -0.8924866 -0.8933563 -0.8933563 -0.8923645 -0.89230347 -0.8943329 -0.8933563 -0.8933563 -0.8933563 -0.8933563 -0.8933563 -0.8923645 -0.89131165 -0.8922882 -0.8937378 -0.88638306 -0.79304504 -0.8461151 -0.8909607 -0.8841553 -0.89212036 -0.8918152 -0.8904419 -0.8929596
-0.8848419 -0.8630676 -0.83239746 -0.865921 -0.89668274 -0.8977051 -0.89260864 -0.8933563 -0.8923645 -0.8890228 -0.8934479 -0.8943939 -0.8933563 -0.8933563 -0.8933563 -0.8933563 -0.8933563 -0.8910675 -0.8922272 -0.89334106 -0.8914032 -0.87750244 -0.73887634 -0.85484314 -0.8392639 -0.87205505 -0.8905792 -0.8903656 -0.89242554 -0.8875885
-0.8785858 -0.81243896 -0.78816223 -0.894104 -0.88175964 -0.88482666 -0.8939667 -0.8936157 -0.89012146 -0.88827515 -0.8905182 -0.8871002 -0.8907318 -0.89157104 -0.8927002 -0.8924866 -0.89035034 -0.88822937 -0.8905487 -0.89053345 -0.8901062 -0.8796692 -0.8069763 -0.85014343 -0.8537445 -0.86763 -0.877121 -0.9016876 -0.89494324 -0.89212036
-0.8365631 -0.66342163 -0.7774048 -0.7869568 -0.87646484 -0.9006653 -0.91270447 -0.9094391 -0.88700867 -0.8890686 -0.8859253 -0.88500977 -0.88864136 -0.8887787 -0.89190674 -0.8916321 -0.8869324 -0.8878937 -0.8852234 -0.88705444 -0.8807678 -0.85832214 -0.8371582 -0.7979889 -0.76634216 -0.71687317 -0.7916565 -0.7784271 -0.7969055 -0.9069061
-0.7667694 -0.6092224 -0.63775635 -0.65774536 -0.7298584 -0.80236816 -0.88786316 -0.891098 -0.88067627 -0.8785248 -0.89619446 -0.8968811 -0.8901367 -0.8945465 -0.89071655 -0.8902283 -0.87405396 -0.85899353 -0.86634827 -0.85398865 -0.7892914 -0.7793274 -0.6696472 -0.5492554 -0.42555237 -0.36276245 -0.31614685 -0.3031311 -0.35610962 -0.7741089
-0.7615967 -0.67884827 -0.62228394 -0.6265869 -0.65489197 -0.73661804 -0.8421631 -0.80229187 -0.8180542 -0.8663788 -0.88497925 -0.8674927 -0.8922577 -0.8961029 -0.8882141 -0.8568878 -0.7523346 -0.6915436 -0.7016754 -0.61457825 -0.53497314 -0.46218872 -0.28007507 -0.224823 -0.106658936 -0.073410034 -0.06739807 -0.08821106 -0.17861938 -0.72857666
-0.7568054 -0.7585144 -0.70214844 -0.6965027 -0.72914124 -0.7959595 -0.8386078 -0.74201965 -0.8470764 -0.8195801 -0.83792114 -0.7955017 -0.8746643 -0.89086914 -0.8869324 -0.73913574 -0.47521973 -0.39279175 -0.30767822 -0.24310303 -0.17990112 -0.087677 -0.05255127 -0.03718567 -0.03807068 -0.04963684 -0.042785645 -0.044570923 -0.19770813 -0.7412567
-0.7281494 -0.7868042 -0.74313354 -0.7238159 -0.7628021 -0.765213 -0.7182312 -0.7048187 -0.79093933 -0.7502136 -0.7654724 -0.71113586 -0.7947998 -0.74342346 -0.7624512 -0.56936646 -0.26513672 -0.2210083 -0.13671875 -0.19039917 -0.10394287 -0.1101532 -0.09793091 -0.04562378 -0.07054138 -0.055648804 -0.06161499 -0.059829712 -0.23852539 -0.7605438
-0.73002625 -0.7239075 -0.750412 -0.7364807 -0.7377472 -0.677536 -0.6639557 -0.6544647 -0.5687866 -0.64616394 -0.5872803 -0.56718445 -0.60372925 -0.6017914 -0.60668945 -0.34536743 -0.22673035 -0.1295929 -0.0821991 -0.12876892 -0.10437012 -0.08439636 -0.022140503 -0.033203125 -0.05911255 -0.05531311 -0.0662384 -0.063308716 -0.27690125 -0.7702484
-0.51501465 -0.56414795 -0.5640106 -0.57437134 -0.54945374 -0.5289917 -0.54533386 -0.5183716 -0.47091675 -0.4689026 -0.42523193 -0.39892578 -0.42546082 -0.40559387 -0.3304596 -0.20280457 -0.1410675 -0.090530396 -0.0753479 -0.08001709 -0.13911438 -0.062286377 -0.05859375 -0.02859497 -0.030303955 -0.05090332 -0.044448853 -0.066833496 -0.3894043 -0.7668915
-0.28379822 -0.36846924 -0.40959167 -0.3841095 -0.36386108 -0.35420227 -0.3443451 -0.32807922 -0.28163147 -0.2266388 -0.22555542 -0.20463562 -0.24946594 -0.17233276 -0.19772339 -0.12364197 -0.11004639 -0.11868286 -0.11071777 -0.10588074 -0.1743927 -0.0912323 -0.09237671 -0.044891357 -0.030471802 -0.043167114 -0.05229187 -0.16055298 -0.6312103 -0.6890564
-0.3236847 -0.24977112 -0.28442383 -0.2800598 -0.2619629 -0.24707031 -0.25842285 -0.23394775 -0.22151184 -0.20381165 -0.19778442 -0.21546936 -0.23680115 -0.24336243 -0.20147705 -0.18936157 -0.17608643 -0.16041565 -0.14427185 -0.14161682 -0.14086914 -0.12582397 -0.07521057 -0.056365967 -0.03627014 -0.044830322 -0.10865784 -0.4927826 -0.63409424 -0.80145264
-0.37776184 -0.27792358 -0.2674713 -0.27668762 -0.27490234 -0.2955475 -0.2931366 -0.29777527 -0.28640747 -0.27104187 -0.2692871 -0.27423096 -0.2838745 -0.28385925 -0.24002075 -0.23236084 -0.17544556 -0.14509583 -0.13198853 -0.123062134 -0.11921692 -0.09811401 -0.08709717 -0.054031372 -0.043533325 -0.06840515 -0.35160828 -0.60964966 -0.7201233 -0.86372375
-0.3090973 -0.32867432 -0.251297 -0.2482605 -0.24621582 -0.2539673 -0.2556305 -0.23828125 -0.24554443 -0.22402954 -0.21600342 -0.2216034 -0.21784973 -0.21835327 -0.20098877 -0.20361328 -0.17726135 -0.16091919 -0.109817505 -0.09976196 -0.10940552 -0.104599 -0.071121216 -0.06855774 -0.050247192 -0.14486694 -0.4935608 -0.52871704 -0.6707306 -0.69744873
-0.4785614 -0.40353394 -0.39390564 -0.35769653 -0.34739685 -0.33398438 -0.3453369 -0.3117218 -0.265625 -0.24398804 -0.22624207 -0.19239807 -0.18771362 -0.17359924 -0.1721344 -0.15760803 -0.1894989 -0.13523865 -0.1352539 -0.14736938 -0.15159607 -0.089538574 -0.10974121 -0.10620117 -0.07521057 -0.30189514 -0.4354248 -0.5249634 -0.5954437 -0.5771332
-0.573349 -0.5703583 -0.5379944 -0.5024414 -0.4831848 -0.50653076 -0.499588 -0.51371765 -0.49331665 -0.46444702 -0.4320221 -0.39343262 -0.36431885 -0.340271 -0.34091187 -0.30107117 -0.2671051 -0.23207092 -0.18432617 -0.18981934 -0.17437744 -0.102264404 -0.15933228 -0.11192322 -0.10334778 -0.2528839 -0.30841064 -0.39533997 -0.44299316 -0.4884491
-0.6247406 -0.64094543 -0.6013336 -0.5658264 -0.5351105 -0.5259247 -0.56440735 -0.56539917 -0.59747314 -0.5884094 -0.58506775 -0.5515747 -0.53604126 -0.544693 -0.5243683 -0.50494385 -0.44085693 -0.4004364 -0.38783264 -0.35751343 -0.32348633 -0.27246094 -0.2094574 -0.23214722 -0.19662476 -0.23020935 -0.25434875 -0.2684021 -0.35968018 -0.42422485
-0.6034546 -0.6010895 -0.5932007 -0.5834198 -0.55352783 -0.5613098 -0.5406952 -0.57624817 -0.5774994 -0.58361816 -0.5880432 -0.58143616 -0.56710815 -0.57359314 -0.60098267 -0.5804596 -0.5279541 -0.51130676 -0.49020386 -0.47862244 -0.45018005 -0.41938782 -0.35879517 -0.35699463 -0.3496704 -0.3249054 -0.3252716 -0.31307983 -0.37628174 -0.4211731
-0.60331726 -0.5671692 -0.59428406 -0.57533264 -0.5801544 -0.5662842 -0.54174805 -0.5493927 -0.5349426 -0.55496216 -0.55770874 -0.5462036 -0.5215454 -0.5506592 -0.55218506 -0.51039124 -0.54452515 -0.53956604 -0.509964 -0.4894104 -0.46107483 -0.43600464 -0.42279053 -0.41944885 -0.40293884 -0.42797852 -0.400177 -0.38668823 -0.3759613 -0.44570923
-0.578598 -0.59458923 -0.59680176 -0.5696869 -0.5793762 -0.56921387 -0.5723877 -0.5638275 -0.55459595 -0.5671387 -0.553772 -0.5597229 -0.56025696 -0.5469971 -0.530365 -0.5107269 -0.50779724 -0.51364136 -0.510376 -0.47077942 -0.4583435 -0.40621948 -0.40393066 -0.38819885 -0.4159088 -0.4174652 -0.41629028 -0.4059143 -0.41156006 -0.47439575
-0.57658386 -0.56625366 -0.5625 -0.57647705 -0.5502167 -0.57266235 -0.55381775 -0.554718 -0.51634216 -0.5695648 -0.52215576 -0.5730438 -0.571167 -0.5822754 -0.5599823 -0.53375244 -0.51638794 -0.5467987 -0.55326843 -0.5169678 -0.48280334 -0.464386 -0.44413757 -0.4495697 -0.45666504 -0.44799805 -0.4206848 -0.40011597 -0.43640137 -0.41693115
-0.54525757 -0.5446167 -0.5393219 -0.5189514 -0.5476227 -0.51712036 -0.52053833 -0.43807983 -0.52104187 -0.49137878 -0.4780426 -0.5356598 -0.5216675 -0.56759644 -0.540802 -0.49731445 -0.44325256 -0.5251007 -0.45825195 -0.46110535 -0.45480347 -0.4487915 -0.42463684 -0.45492554 -0.4413452 -0.43521118 -0.41529846 -0.38974 -0.41342163 -0.45620728
-0.5277405 -0.5468445 -0.5128937 -0.51438904 -0.5260315 -0.5056 -0.4818573 -0.43481445 -0.49165344 -0.47224426 -0.5154877 -0.52545166 -0.5493927 -0.54711914 -0.5141449 -0.4624939 -0.45585632 -0.46046448 -0.474411 -0.453125 -0.4401245 -0.4032135 -0.42140198 -0.40257263 -0.4082489 -0.3875885 -0.39265442 -0.3776245 -0.41377258 -0.45567322
-0.4908142 -0.49172974 -0.49458313 -0.52960205 -0.5078888 -0.48608398 -0.45890808 -0.40115356 -0.4669342 -0.55358887 -0.49902344 -0.51538086 -0.515213 -0.55918884 -0.524765 -0.47668457 -0.4786682 -0.48451233 -0.45378113 -0.42404175 -0.4340973 -0.39204407 -0.419281 -0.38674927 -0.3985901 -0.36961365 -0.37287903 -0.3697815 -0.41018677 -0.42544556
-0.45558167 -0.45632935 -0.49409485 -0.48794556 -0.47169495 -0.4259796 -0.42086792 -0.28271484 -0.494339 -0.4671936 -0.50871277 -0.44296265 -0.51086426 -0.4815216 -0.5194397 -0.5040436 -0.5015106 -0.49046326 -0.45759583 -0.44676208 -0.4223175 -0.43556213 -0.4186554 -0.41809082 -0.39886475 -0.38633728 -0.3892517 -0.3711853 -0.40264893 -0.38435364

