Input image tensor (shape: (1, 3, 32, 32)):

=== Batch 0 ===
-- Channel 0 --
0.7647059 0.79607844 0.83137256 0.88235295 0.8901961 0.75686276 0.5058824 0.33333334 0.28235295 0.08235294 0.0627451 0.08627451 0.34901962 0.73333335 0.89411765 0.88235295 0.7490196 0.84705883 0.8666667 0.87058824 0.8901961 0.8784314 0.8784314 0.8745098 0.8509804 0.81960785 0.8117647 0.79607844 0.80784315 0.827451 0.8117647 0.80784315
0.7529412 0.80784315 0.827451 0.7019608 0.5019608 0.36078432 0.5176471 0.7058824 0.4509804 0.050980393 0.11764706 0.23137255 0.34901962 0.5921569 0.8980392 0.9098039 0.8745098 0.84705883 0.8352941 0.8509804 0.8784314 0.8784314 0.87058824 0.8627451 0.85882354 0.83137256 0.81960785 0.81960785 0.8392157 0.85882354 0.8627451 0.8666667
0.74509805 0.6313726 0.38039216 0.41960785 0.63529414 0.73333335 0.6431373 0.5411765 0.41568628 0.5372549 0.7137255 0.8039216 0.8235294 0.7607843 0.61960787 0.54509807 0.6745098 0.7176471 0.7921569 0.81960785 0.8666667 0.87058824 0.85882354 0.85882354 0.85882354 0.8392157 0.8235294 0.827451 0.84313726 0.85882354 0.8666667 0.8627451
0.30588236 0.101960786 0.07450981 0.5294118 0.5176471 0.35686275 0.20392157 0.43137255 0.654902 0.5568628 0.39215687 0.23921569 0.14509805 0.09803922 0.0627451 0.02745098 0.09803922 0.33333334 0.54509807 0.69411767 0.7176471 0.8 0.827451 0.87058824 0.89411765 0.87058824 0.83137256 0.8156863 0.827451 0.84705883 0.85490197 0.85882354
0.0627451 0.09411765 0.10980392 0.21568628 0.1764706 0.1764706 0.16862746 0.29803923 0.11764706 0.015686275 0.03529412 0.043137256 0.0627451 0.07058824 0.09019608 0.11372549 0.105882354 0.33333334 0.23921569 0.5372549 0.6 0.7019608 0.7607843 0.8666667 0.89411765 0.8745098 0.8509804 0.8235294 0.827451 0.84313726 0.84313726 0.84705883
0.15294118 0.1882353 0.36078432 0.14901961 0.28235295 0.5882353 0.24705882 0.24705882 0.20392157 0.18431373 0.14901961 0.15686275 0.17254902 0.16862746 0.17254902 0.18431373 0.13725491 0.3647059 0.15294118 0.3372549 0.5764706 0.6666667 0.75686276 0.8627451 0.8627451 0.85490197 0.84705883 0.8392157 0.827451 0.8352941 0.8392157 0.81960785
0.49411765 0.28235295 0.6039216 0.23529412 0.2 0.32941177 0.23921569 0.44705883 0.28235295 0.3529412 0.32941177 0.1764706 0.18431373 0.18431373 0.1764706 0.16078432 0.14901961 0.40784314 0.25882354 0.3647059 0.52156866 0.7019608 0.7176471 0.79607844 0.84313726 0.8352941 0.8156863 0.8156863 0.827451 0.8392157 0.827451 0.8
0.33333334 0.1764706 0.32941177 0.21568628 0.36862746 0.34901962 0.38431373 0.5921569 0.24313726 0.32941177 0.33333334 0.16078432 0.16078432 0.18431373 0.2 0.16862746 0.16470589 0.42745098 0.3647059 0.40392157 0.52156866 0.7490196 0.8039216 0.6666667 0.627451 0.80784315 0.8 0.8039216 0.83137256 0.8352941 0.8156863 0.7921569
0.15294118 0.29803923 0.46666667 0.3137255 0.34117648 0.41568628 0.30980393 0.26666668 0.3137255 0.29803923 0.1882353 0.11764706 0.23921569 0.14901961 0.17254902 0.1254902 0.19607843 0.40784314 0.36862746 0.40784314 0.5176471 0.78039217 0.7882353 0.58431375 0.654902 0.84313726 0.8627451 0.85490197 0.827451 0.79607844 0.80784315 0.79607844
0.21568628 0.28235295 0.3882353 0.4392157 0.4117647 0.50980395 0.47058824 0.38039216 0.44705883 0.4627451 0.42745098 0.3882353 0.5294118 0.40784314 0.43137255 0.45882353 0.40392157 0.49803922 0.29411766 0.34509805 0.47843137 0.8117647 0.7176471 0.6509804 0.7254902 0.84313726 0.8862745 0.88235295 0.85490197 0.80784315 0.78039217 0.73333335
0.21960784 0.3647059 0.627451 0.78039217 0.85490197 0.84705883 0.8666667 0.9098039 0.8980392 0.90588236 0.9137255 0.52156866 0.24705882 0.6627451 0.8745098 0.8509804 0.8392157 0.6039216 0.5568628 0.40392157 0.5137255 0.8117647 0.67058825 0.7019608 0.68235296 0.8156863 0.85882354 0.8352941 0.81960785 0.84705883 0.85490197 0.78039217
0.6039216 0.827451 0.90588236 0.92941177 0.92941177 0.9254902 0.90588236 0.8901961 0.8745098 0.8509804 0.7490196 0.47058824 0.11372549 0.5058824 0.5803922 0.53333336 0.6039216 0.6156863 0.5764706 0.6901961 0.74509805 0.627451 0.5921569 0.7137255 0.6627451 0.8039216 0.8156863 0.8156863 0.79607844 0.85882354 0.9019608 0.8
0.4745098 0.654902 0.8117647 0.85882354 0.81960785 0.77254903 0.74509805 0.6784314 0.57254905 0.4862745 0.46666667 0.5058824 0.5254902 0.627451 0.60784316 0.5764706 0.6431373 0.61960787 0.6117647 0.627451 0.5803922 0.47843137 0.69803923 0.6901961 0.6666667 0.78039217 0.78039217 0.8 0.75686276 0.8 0.83137256 0.8156863
0.13333334 0.1882353 0.5137255 0.67058825 0.7137255 0.58431375 0.23137255 0.14901961 0.12156863 0.48235294 0.5921569 0.7647059 0.81960785 0.80784315 0.7607843 0.69803923 0.7411765 0.7294118 0.5372549 0.62352943 0.67058825 0.7058824 0.7254902 0.70980394 0.6 0.34117648 0.38431373 0.5176471 0.2 0.12941177 0.1254902 0.27058825
0.1254902 0.11372549 0.16862746 0.6117647 0.72156864 0.73333335 0.43137255 0.16470589 0.5372549 0.78431374 0.72156864 0.7607843 0.7764706 0.78039217 0.7607843 0.65882355 0.6156863 0.73333335 0.7137255 0.53333336 0.6745098 0.6862745 0.6117647 0.7058824 0.54901963 0.10980392 0.105882354 0.15686275 0.4745098 0.58431375 0.47058824 0.34901962
0.12941177 0.12941177 0.1882353 0.62352943 0.7137255 0.48235294 0.6901961 0.6313726 0.8 0.8117647 0.6901961 0.7490196 0.8117647 0.78039217 0.43137255 0.7294118 0.7529412 0.7411765 0.73333335 0.7372549 0.7529412 0.627451 0.53333336 0.69803923 0.6117647 0.1882353 0.101960786 0.16470589 0.6 0.67058825 0.8 0.59607846
0.1254902 0.12941177 0.1882353 0.6313726 0.72156864 0.72156864 0.75686276 0.80784315 0.80784315 0.81960785 0.7294118 0.70980394 0.8352941 0.827451 0.5137255 0.64705884 0.7607843 0.74509805 0.7411765 0.73333335 0.7372549 0.6862745 0.61960787 0.6862745 0.5647059 0.21568628 0.22352941 0.47058824 0.41568628 0.003921569 0.5058824 0.69411767
0.12156863 0.12156863 0.19215687 0.63529414 0.7254902 0.7372549 0.77254903 0.8117647 0.83137256 0.85882354 0.77254903 0.78039217 0.8509804 0.88235295 0.77254903 0.45490196 0.7294118 0.7411765 0.7294118 0.7176471 0.70980394 0.7019608 0.6666667 0.7058824 0.5764706 0.36078432 0.35686275 0.5019608 0.56078434 0.4627451 0.6392157 0.57254905
0.10980392 0.12156863 0.19215687 0.6392157 0.7254902 0.7647059 0.85490197 0.8745098 0.88235295 0.8901961 0.8156863 0.8156863 0.8509804 0.8980392 0.84313726 0.74509805 0.75686276 0.72156864 0.7137255 0.7137255 0.72156864 0.6901961 0.59607846 0.61960787 0.53333336 0.37254903 0.09803922 0.14901961 0.27450982 0.30980393 0.3647059 0.3372549
0.11764706 0.11764706 0.21176471 0.654902 0.73333335 0.7647059 0.79607844 0.88235295 0.9137255 0.90588236 0.8156863 0.81960785 0.76862746 0.7176471 0.75686276 0.78431374 0.70980394 0.58431375 0.48235294 0.6431373 0.67058825 0.5882353 0.5019608 0.44313726 0.5254902 0.32941177 0.09019608 0.11764706 0.1254902 0.08627451 0.078431375 0.078431375
0.15294118 0.14901961 0.20784314 0.67058825 0.7490196 0.6745098 0.59607846 0.69411767 0.7176471 0.78039217 0.63529414 0.6627451 0.74509805 0.7764706 0.5294118 0.38431373 0.6745098 0.56078434 0.45882353 0.69803923 0.69411767 0.6509804 0.6039216 0.5921569 0.6156863 0.25490198 0.12941177 0.24313726 0.2627451 0.25490198 0.18431373 0.18039216
0.12156863 0.12941177 0.2 0.6745098 0.7647059 0.62352943 0.63529414 0.73333335 0.54509807 0.5254902 0.59607846 0.79607844 0.78039217 0.49803922 0.06666667 0.02745098 0.43529412 0.6901961 0.5647059 0.54901963 0.56078434 0.5882353 0.6156863 0.62352943 0.6117647 0.23921569 0.2627451 0.28627452 0.2627451 0.19607843 0.18431373 0.21176471
0.21176471 0.15686275 0.19215687 0.7137255 0.8117647 0.654902 0.6117647 0.65882355 0.5686275 0.5254902 0.73333335 0.60784316 0.6666667 0.13333334 0.078431375 0.078431375 0.19215687 0.5529412 0.56078434 0.59607846 0.6117647 0.63529414 0.654902 0.6392157 0.5372549 0.31764707 0.1882353 0.18431373 0.1882353 0.1882353 0.20784314 0.2
0.2 0.20784314 0.21568628 0.75686276 0.8745098 0.8784314 0.79607844 0.6392157 0.54509807 0.57254905 0.6901961 0.654902 0.39607844 0.0627451 0.11764706 0.08235294 0.11372549 0.5176471 0.58431375 0.6313726 0.6627451 0.64705884 0.6156863 0.47058824 0.20392157 0.09411765 0.08235294 0.105882354 0.16470589 0.1882353 0.2 0.19607843
0.18431373 0.2 0.24705882 0.4 0.4862745 0.6039216 0.7490196 0.83137256 0.7607843 0.6784314 0.5764706 0.4392157 0.12156863 0.22352941 0.43529412 0.15686275 0.09411765 0.56078434 0.6627451 0.6392157 0.6117647 0.5568628 0.3647059 0.11764706 0.05490196 0.07450981 0.101960786 0.14509805 0.1764706 0.19215687 0.2 0.18039216
0.15294118 0.16862746 0.18431373 0.22745098 0.23921569 0.25490198 0.31764707 0.4 0.41960785 0.31764707 0.23921569 0.08235294 0.101960786 0.50980395 0.5137255 0.24705882 0.0627451 0.3882353 0.63529414 0.5686275 0.4509804 0.25490198 0.06666667 0.0627451 0.09019608 0.09803922 0.13333334 0.16862746 0.1764706 0.1882353 0.19607843 0.15294118
0.14117648 0.12941177 0.16078432 0.1764706 0.1882353 0.1882353 0.20784314 0.18039216 0.14901961 0.16078432 0.14901961 0.07450981 0.1764706 0.45882353 0.24705882 0.22352941 0.05490196 0.27058825 0.5254902 0.39215687 0.12941177 0.050980393 0.07058824 0.08627451 0.09803922 0.11372549 0.14901961 0.15294118 0.18431373 0.2 0.19215687 0.16862746
0.12941177 0.15294118 0.17254902 0.17254902 0.1882353 0.18431373 0.1882353 0.16078432 0.15686275 0.16078432 0.14117648 0.05882353 0.24705882 0.3882353 0.12941177 0.19215687 0.06666667 0.08627451 0.15294118 0.078431375 0.050980393 0.07058824 0.09019608 0.105882354 0.11764706 0.13333334 0.14901961 0.15686275 0.18039216 0.19607843 0.16862746 0.13725491
0.078431375 0.12941177 0.16862746 0.18039216 0.1882353 0.18431373 0.19215687 0.15686275 0.14117648 0.16470589 0.12941177 0.0627451 0.16862746 0.2627451 0.14901961 0.1882353 0.05882353 0.05882353 0.047058824 0.05490196 0.07058824 0.08235294 0.09803922 0.13333334 0.1254902 0.14901961 0.16470589 0.18039216 0.18039216 0.18039216 0.15294118 0.13333334
0.06666667 0.05882353 0.07058824 0.09803922 0.12941177 0.16470589 0.18431373 0.16078432 0.14901961 0.13725491 0.09411765 0.06666667 0.15294118 0.22745098 0.23529412 0.14901961 0.05490196 0.05882353 0.0627451 0.07058824 0.07450981 0.09411765 0.10980392 0.11764706 0.14117648 0.15294118 0.14509805 0.1882353 0.1764706 0.15686275 0.14901961 0.12941177
0.07058824 0.0627451 0.05882353 0.047058824 0.050980393 0.0627451 0.08627451 0.09411765 0.08235294 0.05490196 0.05490196 0.0627451 0.11764706 0.18039216 0.21568628 0.08627451 0.0627451 0.06666667 0.07450981 0.08235294 0.101960786 0.11372549 0.11764706 0.12941177 0.14509805 0.14509805 0.27058825 0.28235295 0.16470589 0.14509805 0.16078432 0.15294118
0.07058824 0.0627451 0.05882353 0.05490196 0.05882353 0.05882353 0.05490196 0.047058824 0.050980393 0.05490196 0.05882353 0.0627451 0.09019608 0.16470589 0.1254902 0.0627451 0.07450981 0.08235294 0.09019608 0.101960786 0.11372549 0.1254902 0.12156863 0.12941177 0.14117648 0.13725491 0.16862746 0.1764706 0.15294118 0.14901961 0.14901961 0.14901961

-- Channel 1 --
0.7921569 0.8156863 0.84313726 0.8784314 0.8862745 0.76862746 0.5137255 0.35686275 0.34117648 0.16470589 0.14117648 0.16078432 0.38431373 0.73333335 0.8862745 0.8745098 0.7411765 0.84313726 0.8627451 0.85882354 0.8784314 0.8784314 0.8784314 0.8745098 0.85490197 0.827451 0.81960785 0.80784315 0.81960785 0.827451 0.81960785 0.8156863
0.7921569 0.827451 0.84705883 0.7254902 0.5294118 0.39607844 0.53333336 0.7019608 0.4862745 0.1254902 0.1764706 0.3019608 0.38039216 0.6039216 0.8666667 0.89411765 0.87058824 0.84313726 0.84313726 0.85490197 0.8784314 0.8784314 0.87058824 0.85882354 0.85490197 0.8352941 0.827451 0.827451 0.84313726 0.8509804 0.85490197 0.8627451
0.7882353 0.6666667 0.42745098 0.45490196 0.6509804 0.73333335 0.65882355 0.5647059 0.44313726 0.56078434 0.6666667 0.74509805 0.8235294 0.76862746 0.60784316 0.5372549 0.67058825 0.69803923 0.77254903 0.8117647 0.8627451 0.87058824 0.85490197 0.8509804 0.8509804 0.8352941 0.827451 0.827451 0.8392157 0.85490197 0.8627451 0.85882354
0.38039216 0.21176471 0.17254902 0.56078434 0.54901963 0.4117647 0.25490198 0.4509804 0.6509804 0.5568628 0.3764706 0.23529412 0.14117648 0.09803922 0.07450981 0.03137255 0.09411765 0.32941177 0.5254902 0.6666667 0.69803923 0.78431374 0.81960785 0.87058824 0.8901961 0.8666667 0.8352941 0.8156863 0.827451 0.84313726 0.8509804 0.8666667
0.18431373 0.20784314 0.21176471 0.27058825 0.21176471 0.20392157 0.1764706 0.3019608 0.11764706 0.011764706 0.03137255 0.047058824 0.07058824 0.08235294 0.105882354 0.12941177 0.13333334 0.3529412 0.25882354 0.5254902 0.5686275 0.69411767 0.75686276 0.8666667 0.8901961 0.87058824 0.84313726 0.8156863 0.81960785 0.8352941 0.8352941 0.84705883
0.23529412 0.22745098 0.38039216 0.16470589 0.2901961 0.60784316 0.25882354 0.25882354 0.2627451 0.23529412 0.2 0.20392157 0.23529412 0.23137255 0.22352941 0.22352941 0.18431373 0.37254903 0.10980392 0.32156864 0.5294118 0.6392157 0.72156864 0.84705883 0.85882354 0.84705883 0.8392157 0.827451 0.81960785 0.827451 0.83137256 0.8117647
0.50980395 0.3019608 0.59607846 0.25490198 0.21960784 0.36078432 0.23921569 0.4509804 0.39215687 0.4745098 0.42352942 0.23921569 0.26666668 0.25882354 0.23529412 0.19215687 0.19607843 0.4 0.1764706 0.34117648 0.40784314 0.6509804 0.68235296 0.7921569 0.8392157 0.83137256 0.8156863 0.8156863 0.8235294 0.83137256 0.81960785 0.7882353
0.36862746 0.21176471 0.3529412 0.25490198 0.3882353 0.3647059 0.35686275 0.6 0.34509805 0.45882353 0.42352942 0.22352941 0.23529412 0.2509804 0.25490198 0.2 0.20784314 0.43137255 0.44705883 0.4392157 0.4862745 0.7294118 0.76862746 0.6666667 0.64705884 0.80784315 0.8 0.8039216 0.8235294 0.8235294 0.80784315 0.7764706
0.21960784 0.35686275 0.52156866 0.37254903 0.39607844 0.44705883 0.3137255 0.30980393 0.4 0.40784314 0.27450982 0.16470589 0.27058825 0.2 0.21960784 0.16862746 0.2509804 0.43529412 0.4392157 0.4392157 0.5294118 0.75686276 0.77254903 0.6039216 0.6666667 0.8392157 0.8509804 0.84705883 0.8156863 0.78039217 0.8 0.7882353
0.31764707 0.3529412 0.45882353 0.5137255 0.47843137 0.54509807 0.49803922 0.40784314 0.45490196 0.49803922 0.4392157 0.39607844 0.5254902 0.41568628 0.44313726 0.46666667 0.41568628 0.49803922 0.31764707 0.33333334 0.45882353 0.7882353 0.7254902 0.65882355 0.7176471 0.827451 0.87058824 0.87058824 0.84313726 0.8 0.77254903 0.7294118
0.2627451 0.4117647 0.627451 0.7764706 0.85490197 0.84705883 0.8627451 0.90588236 0.8901961 0.89411765 0.89411765 0.5176471 0.23529412 0.654902 0.85490197 0.8235294 0.8039216 0.5803922 0.5764706 0.4 0.5137255 0.7882353 0.69803923 0.69411767 0.6784314 0.80784315 0.84705883 0.827451 0.8117647 0.84313726 0.85882354 0.78039217
0.627451 0.83137256 0.90588236 0.9254902 0.91764706 0.91764706 0.9019608 0.8784314 0.85882354 0.8352941 0.73333335 0.47058824 0.12156863 0.5254902 0.59607846 0.54509807 0.61960787 0.61960787 0.60784316 0.6901961 0.7137255 0.6431373 0.61960787 0.69803923 0.654902 0.7921569 0.8039216 0.8039216 0.7921569 0.85882354 0.90588236 0.79607844
0.5137255 0.6862745 0.81960785 0.8509804 0.81960785 0.76862746 0.73333335 0.6784314 0.6039216 0.5254902 0.5137255 0.54901963 0.5568628 0.6509804 0.6313726 0.5882353 0.6509804 0.62352943 0.63529414 0.6392157 0.57254905 0.50980395 0.7019608 0.6862745 0.65882355 0.7764706 0.76862746 0.7882353 0.7607843 0.8 0.8156863 0.79607844
0.14901961 0.21960784 0.5254902 0.6627451 0.7058824 0.59607846 0.29411766 0.21176471 0.1764706 0.49019608 0.58431375 0.7490196 0.79607844 0.7882353 0.7411765 0.6784314 0.7254902 0.7137255 0.57254905 0.627451 0.654902 0.7019608 0.69411767 0.6901961 0.5882353 0.34901962 0.40392157 0.5294118 0.23137255 0.16078432 0.14901961 0.28627452
0.13333334 0.13333334 0.1764706 0.60784316 0.7137255 0.7254902 0.47058824 0.25490198 0.56078434 0.7647059 0.7058824 0.7490196 0.7607843 0.75686276 0.7372549 0.6627451 0.61960787 0.72156864 0.7019608 0.5137255 0.654902 0.67058825 0.62352943 0.6784314 0.5294118 0.10980392 0.11764706 0.16078432 0.49019608 0.6 0.48235294 0.3647059
0.14117648 0.14117648 0.19607843 0.6156863 0.70980394 0.4745098 0.6784314 0.627451 0.78431374 0.7921569 0.6666667 0.7254902 0.7882353 0.7607843 0.41960785 0.70980394 0.73333335 0.7176471 0.7176471 0.7137255 0.7176471 0.61960787 0.56078434 0.67058825 0.5803922 0.18039216 0.09803922 0.16078432 0.6039216 0.6666667 0.7882353 0.6039216
0.13725491 0.14117648 0.19607843 0.61960787 0.7176471 0.7137255 0.74509805 0.7882353 0.7882353 0.8 0.7058824 0.6862745 0.8117647 0.8117647 0.5058824 0.627451 0.7372549 0.72156864 0.70980394 0.69411767 0.69411767 0.6509804 0.6 0.6666667 0.5411765 0.22352941 0.23529412 0.4627451 0.39607844 0.0 0.49803922 0.6784314
0.13333334 0.13333334 0.2 0.627451 0.7176471 0.7254902 0.75686276 0.7882353 0.80784315 0.8392157 0.75686276 0.76862746 0.8392157 0.8627451 0.7529412 0.43137255 0.69411767 0.69803923 0.68235296 0.67058825 0.6627451 0.64705884 0.6117647 0.6745098 0.5411765 0.36078432 0.3764706 0.5058824 0.5529412 0.4745098 0.62352943 0.52156866
0.12156863 0.13333334 0.2 0.6313726 0.72156864 0.7529412 0.8392157 0.85882354 0.8666667 0.8784314 0.8039216 0.8039216 0.8392157 0.8784314 0.81960785 0.7137255 0.70980394 0.67058825 0.67058825 0.67058825 0.67058825 0.6392157 0.5568628 0.5882353 0.49803922 0.36078432 0.105882354 0.15294118 0.27450982 0.29411766 0.35686275 0.3372549
0.1254902 0.12156863 0.21568628 0.64705884 0.7254902 0.7490196 0.78039217 0.8627451 0.9098039 0.90588236 0.8039216 0.8117647 0.7529412 0.69411767 0.7176471 0.74509805 0.6627451 0.5411765 0.4509804 0.6 0.6313726 0.5568628 0.47843137 0.41960785 0.4862745 0.3137255 0.08627451 0.10980392 0.13333334 0.08627451 0.07450981 0.078431375
0.1764706 0.16862746 0.20784314 0.65882355 0.73333335 0.6745098 0.58431375 0.6784314 0.67058825 0.75686276 0.62352943 0.6509804 0.7176471 0.7490196 0.5058824 0.3647059 0.6313726 0.52156866 0.43137255 0.65882355 0.65882355 0.61960787 0.57254905 0.5529412 0.5686275 0.24313726 0.12941177 0.24313726 0.2784314 0.2627451 0.18431373 0.1764706
0.14509805 0.16470589 0.20784314 0.6627451 0.7490196 0.6313726 0.6156863 0.6862745 0.28235295 0.3254902 0.5803922 0.7764706 0.7490196 0.47843137 0.0627451 0.02745098 0.40392157 0.64705884 0.5254902 0.5137255 0.52156866 0.5372549 0.5647059 0.5686275 0.5647059 0.22745098 0.25490198 0.29411766 0.2784314 0.20784314 0.18039216 0.19607843
0.21960784 0.15686275 0.20392157 0.7019608 0.8 0.64705884 0.6039216 0.59607846 0.27450982 0.28627452 0.70980394 0.5803922 0.63529414 0.12941177 0.08235294 0.08235294 0.16862746 0.5137255 0.5058824 0.54901963 0.56078434 0.58431375 0.6039216 0.58431375 0.49411765 0.30588236 0.18039216 0.1882353 0.19215687 0.18039216 0.2 0.18431373
0.21568628 0.21176471 0.21568628 0.7411765 0.8627451 0.8666667 0.7921569 0.6117647 0.35686275 0.41568628 0.6509804 0.6156863 0.37254903 0.0627451 0.11764706 0.08627451 0.101960786 0.47843137 0.53333336 0.5803922 0.6117647 0.6 0.5686275 0.4392157 0.19215687 0.08627451 0.078431375 0.105882354 0.16078432 0.16470589 0.1764706 0.18039216
0.1882353 0.21176471 0.24705882 0.3882353 0.46666667 0.58431375 0.7176471 0.8039216 0.74509805 0.64705884 0.54509807 0.4117647 0.10980392 0.20784314 0.4117647 0.15294118 0.09411765 0.5176471 0.6 0.5803922 0.56078434 0.5176471 0.3372549 0.10980392 0.05490196 0.07450981 0.101960786 0.14509805 0.1764706 0.18431373 0.1882353 0.16470589
0.16862746 0.1764706 0.1882353 0.22352941 0.23529412 0.2509804 0.29803923 0.3764706 0.39215687 0.29803923 0.23137255 0.078431375 0.09411765 0.4745098 0.47058824 0.23137255 0.0627451 0.35686275 0.57254905 0.5137255 0.4117647 0.23529412 0.06666667 0.0627451 0.08627451 0.09803922 0.12941177 0.17254902 0.17254902 0.17254902 0.1764706 0.13725491
0.15294118 0.13333334 0.17254902 0.18431373 0.19607843 0.19607843 0.20392157 0.18039216 0.15686275 0.15294118 0.14509805 0.07058824 0.16470589 0.42745098 0.21176471 0.20392157 0.05882353 0.25490198 0.48235294 0.3647059 0.11764706 0.050980393 0.07058824 0.08235294 0.09019608 0.11372549 0.14509805 0.15294118 0.15686275 0.16862746 0.16862746 0.15294118
0.1254902 0.15686275 0.1764706 0.18039216 0.1882353 0.18039216 0.1882353 0.16078432 0.14117648 0.15294118 0.13725491 0.05882353 0.23529412 0.36078432 0.11372549 0.18039216 0.07058824 0.078431375 0.14117648 0.07450981 0.050980393 0.07058824 0.08235294 0.101960786 0.11372549 0.13333334 0.14901961 0.14509805 0.14117648 0.15686275 0.14901961 0.1254902
0.08235294 0.12941177 0.16862746 0.1764706 0.18431373 0.18431373 0.19215687 0.15294118 0.14117648 0.16470589 0.12941177 0.0627451 0.16078432 0.23921569 0.12941177 0.1764706 0.05882353 0.05882353 0.047058824 0.05490196 0.07058824 0.078431375 0.09019608 0.12941177 0.12156863 0.14509805 0.15686275 0.15294118 0.14509805 0.14901961 0.12941177 0.12156863
0.06666667 0.05882353 0.07058824 0.09411765 0.12941177 0.16470589 0.18431373 0.15686275 0.14901961 0.13725491 0.09411765 0.06666667 0.14901961 0.21568628 0.21568628 0.13725491 0.050980393 0.05882353 0.0627451 0.07058824 0.07450981 0.09019608 0.101960786 0.11372549 0.13725491 0.14901961 0.12941177 0.15686275 0.14901961 0.13333334 0.12941177 0.11764706
0.06666667 0.05882353 0.05882353 0.047058824 0.047058824 0.05882353 0.08235294 0.09019608 0.08235294 0.05490196 0.05882353 0.0627451 0.10980392 0.16862746 0.20392157 0.08235294 0.05490196 0.0627451 0.078431375 0.08235294 0.09803922 0.10980392 0.11372549 0.1254902 0.14117648 0.14117648 0.2627451 0.2627451 0.14509805 0.13333334 0.14901961 0.14117648
0.06666667 0.0627451 0.05882353 0.05490196 0.05490196 0.05490196 0.050980393 0.047058824 0.050980393 0.05490196 0.05882353 0.0627451 0.08627451 0.15686275 0.12156863 0.0627451 0.07058824 0.07450981 0.08235294 0.09411765 0.101960786 0.11372549 0.11764706 0.1254902 0.13333334 0.12941177 0.16078432 0.16078432 0.13725491 0.13333334 0.13725491 0.13333334

-- Channel 2 --
0.87058824 0.8862745 0.9019608 0.9411765 0.92156863 0.84705883 0.68235296 0.5882353 0.5686275 0.45490196 0.43529412 0.5294118 0.6039216 0.80784315 0.9098039 0.9098039 0.7882353 0.89411765 0.9137255 0.9137255 0.92941177 0.91764706 0.9254902 0.92156863 0.9098039 0.89411765 0.8901961 0.88235295 0.8901961 0.8901961 0.8862745 0.8862745
0.8745098 0.90588236 0.9098039 0.8 0.6901961 0.60784316 0.6666667 0.7529412 0.64705884 0.4392157 0.44705883 0.60784316 0.63529414 0.7137255 0.8862745 0.9098039 0.90588236 0.88235295 0.8901961 0.90588236 0.9254902 0.92156863 0.91764706 0.9098039 0.9098039 0.8980392 0.8901961 0.8980392 0.9019608 0.89411765 0.9019608 0.9098039
0.87058824 0.78431374 0.627451 0.6039216 0.69411767 0.74509805 0.7137255 0.65882355 0.62352943 0.69803923 0.7176471 0.78431374 0.84705883 0.7764706 0.6313726 0.56078434 0.7137255 0.7411765 0.827451 0.8627451 0.9137255 0.9137255 0.90588236 0.90588236 0.90588236 0.8901961 0.8862745 0.89411765 0.89411765 0.9019608 0.90588236 0.90588236
0.6 0.5137255 0.52156866 0.68235296 0.6392157 0.5294118 0.3882353 0.5647059 0.69411767 0.5647059 0.3882353 0.25490198 0.15294118 0.09803922 0.07450981 0.039215688 0.11764706 0.3529412 0.54901963 0.7019608 0.7490196 0.8352941 0.8745098 0.9137255 0.92156863 0.90588236 0.8862745 0.8784314 0.8784314 0.89411765 0.8980392 0.9098039
0.5568628 0.54901963 0.4745098 0.4117647 0.30588236 0.2784314 0.16862746 0.30980393 0.12156863 0.015686275 0.03137255 0.047058824 0.0627451 0.08627451 0.11372549 0.14509805 0.16862746 0.38039216 0.27450982 0.54901963 0.627451 0.7647059 0.81960785 0.9098039 0.9137255 0.90588236 0.89411765 0.8745098 0.87058824 0.8901961 0.8862745 0.9098039
0.42352942 0.3254902 0.36862746 0.12941177 0.28235295 0.6392157 0.23529412 0.25490198 0.30588236 0.25490198 0.24705882 0.27058825 0.3137255 0.30588236 0.3019608 0.27450982 0.24705882 0.40784314 0.1254902 0.3372549 0.56078434 0.69411767 0.7647059 0.89411765 0.9019608 0.8980392 0.89411765 0.8901961 0.8745098 0.88235295 0.8862745 0.8784314
0.47058824 0.25882354 0.5529412 0.21960784 0.20392157 0.3529412 0.21568628 0.45490196 0.49803922 0.5372549 0.4745098 0.32156864 0.37254903 0.35686275 0.31764707 0.24313726 0.25882354 0.42352942 0.13333334 0.33333334 0.40392157 0.69803923 0.72156864 0.84705883 0.8980392 0.8980392 0.88235295 0.8862745 0.8862745 0.8862745 0.88235295 0.85882354
0.34117648 0.19215687 0.34117648 0.23529412 0.3764706 0.34509805 0.29803923 0.6156863 0.42352942 0.5058824 0.4627451 0.30588236 0.33333334 0.3372549 0.32941177 0.24313726 0.27450982 0.4509804 0.4 0.44313726 0.5254902 0.7764706 0.81960785 0.7372549 0.69411767 0.8666667 0.87058824 0.87058824 0.88235295 0.8784314 0.87058824 0.84705883
0.16470589 0.31764707 0.49411765 0.35686275 0.38039216 0.41568628 0.28235295 0.36078432 0.41568628 0.4627451 0.3254902 0.22352941 0.34901962 0.28235295 0.29803923 0.22745098 0.32156864 0.4509804 0.40392157 0.43529412 0.5568628 0.79607844 0.81960785 0.65882355 0.70980394 0.8745098 0.89411765 0.89411765 0.8666667 0.84705883 0.85882354 0.84313726
0.23921569 0.30588236 0.43137255 0.47058824 0.4392157 0.50980395 0.4862745 0.43529412 0.49411765 0.5176471 0.46666667 0.44313726 0.5764706 0.43137255 0.45882353 0.47843137 0.45490196 0.5254902 0.30588236 0.34117648 0.4862745 0.8235294 0.7607843 0.7176471 0.7882353 0.8784314 0.8980392 0.9019608 0.88235295 0.85490197 0.8509804 0.81960785
0.23137255 0.3882353 0.6431373 0.78431374 0.8666667 0.87058824 0.8980392 0.9411765 0.9254902 0.9411765 0.93333334 0.53333336 0.2509804 0.68235296 0.8901961 0.85882354 0.84705883 0.6156863 0.5803922 0.4117647 0.5372549 0.827451 0.7176471 0.7529412 0.73333335 0.8627451 0.8862745 0.8666667 0.8627451 0.8901961 0.89411765 0.8352941
0.69411767 0.87058824 0.92941177 0.9529412 0.9490196 0.9490196 0.9411765 0.9137255 0.89411765 0.8784314 0.7764706 0.49019608 0.13333334 0.5411765 0.61960787 0.5686275 0.64705884 0.6509804 0.62352943 0.7254902 0.7647059 0.67058825 0.64705884 0.7647059 0.70980394 0.8509804 0.85882354 0.8627451 0.84705883 0.90588236 0.9254902 0.84705883
0.6156863 0.78039217 0.8784314 0.89411765 0.8627451 0.8156863 0.77254903 0.7019608 0.6156863 0.5372549 0.5176471 0.5568628 0.5764706 0.6745098 0.6627451 0.61960787 0.6901961 0.6627451 0.6784314 0.67058825 0.6 0.5137255 0.73333335 0.7411765 0.72156864 0.8509804 0.8627451 0.85882354 0.8 0.80784315 0.8352941 0.8392157
0.19215687 0.28627452 0.6 0.72156864 0.7647059 0.63529414 0.28627452 0.18431373 0.15294118 0.49411765 0.6156863 0.8039216 0.85882354 0.84313726 0.79607844 0.7294118 0.78431374 0.7607843 0.5921569 0.65882355 0.70980394 0.7411765 0.75686276 0.75686276 0.6431373 0.40392157 0.44705883 0.5803922 0.28235295 0.20784314 0.1764706 0.3137255
0.15686275 0.16078432 0.21568628 0.6627451 0.7882353 0.7764706 0.4745098 0.24705882 0.59607846 0.8235294 0.7607843 0.8 0.8117647 0.8117647 0.7882353 0.69411767 0.6627451 0.77254903 0.74509805 0.54901963 0.70980394 0.7254902 0.6666667 0.7372549 0.5686275 0.11372549 0.11372549 0.17254902 0.5137255 0.6431373 0.5254902 0.39607844
0.17254902 0.16862746 0.23137255 0.68235296 0.78039217 0.5294118 0.7254902 0.6627451 0.827451 0.84313726 0.7137255 0.76862746 0.8352941 0.8156863 0.45490196 0.75686276 0.7882353 0.77254903 0.7764706 0.7607843 0.7647059 0.654902 0.5764706 0.7176471 0.6117647 0.1764706 0.09019608 0.16470589 0.627451 0.6784314 0.81960785 0.6627451
0.16862746 0.16862746 0.23921569 0.6901961 0.78431374 0.76862746 0.8 0.8392157 0.83137256 0.84313726 0.7529412 0.73333335 0.85882354 0.85490197 0.5294118 0.6627451 0.7882353 0.7764706 0.76862746 0.74509805 0.7372549 0.6862745 0.6313726 0.7058824 0.61960787 0.27450982 0.25490198 0.4745098 0.41568628 0.011764706 0.53333336 0.7176471
0.16078432 0.16078432 0.23529412 0.6901961 0.78431374 0.7882353 0.80784315 0.8352941 0.84705883 0.8666667 0.7882353 0.79607844 0.8666667 0.89411765 0.7764706 0.4509804 0.7372549 0.74509805 0.7372549 0.7137255 0.69411767 0.6784314 0.6509804 0.72156864 0.5803922 0.4117647 0.48235294 0.5686275 0.5647059 0.44705883 0.65882355 0.54901963
0.14901961 0.15686275 0.23529412 0.69411767 0.78039217 0.80784315 0.8745098 0.8862745 0.89411765 0.90588236 0.83137256 0.83137256 0.8627451 0.9137255 0.8509804 0.7372549 0.7529412 0.69803923 0.69803923 0.7019608 0.7058824 0.67058825 0.5803922 0.61960787 0.5137255 0.37254903 0.10980392 0.15686275 0.27450982 0.2627451 0.3647059 0.35686275
0.13333334 0.14509805 0.2509804 0.7058824 0.7882353 0.80784315 0.8156863 0.89411765 0.9372549 0.93333334 0.83137256 0.84313726 0.78431374 0.7294118 0.75686276 0.77254903 0.69411767 0.5372549 0.45882353 0.62352943 0.65882355 0.5764706 0.49019608 0.4392157 0.5176471 0.31764707 0.08235294 0.10980392 0.15294118 0.09803922 0.07058824 0.07058824
0.25490198 0.21176471 0.23921569 0.72156864 0.79607844 0.7137255 0.59607846 0.6901961 0.6784314 0.78039217 0.654902 0.69411767 0.7607843 0.7882353 0.5254902 0.3764706 0.654902 0.5176471 0.4392157 0.6784314 0.6784314 0.6313726 0.5921569 0.5803922 0.6039216 0.2509804 0.13333334 0.27058825 0.34901962 0.3137255 0.21568628 0.20392157
0.21176471 0.25490198 0.23529412 0.72156864 0.8117647 0.6784314 0.6392157 0.7176471 0.14901961 0.23921569 0.61960787 0.827451 0.79607844 0.50980395 0.0627451 0.019607844 0.41568628 0.65882355 0.5372549 0.5294118 0.5411765 0.5647059 0.6 0.60784316 0.59607846 0.24313726 0.26666668 0.34901962 0.3647059 0.2509804 0.2 0.21176471
0.24705882 0.18431373 0.23529412 0.7529412 0.84313726 0.6901961 0.6313726 0.60784316 0.05882353 0.15686275 0.7607843 0.6392157 0.67058825 0.13725491 0.09019608 0.08235294 0.1764706 0.52156866 0.5137255 0.5647059 0.5803922 0.6156863 0.64705884 0.61960787 0.50980395 0.31764707 0.1882353 0.23137255 0.24313726 0.1882353 0.1882353 0.17254902
0.2509804 0.24705882 0.25882354 0.7882353 0.9019608 0.90588236 0.827451 0.62352943 0.25490198 0.3764706 0.7019608 0.6627451 0.4 0.0627451 0.12156863 0.09411765 0.11372549 0.49411765 0.54509807 0.6 0.63529414 0.627451 0.5921569 0.44705883 0.1882353 0.09019608 0.09019608 0.12156863 0.16862746 0.15686275 0.16078432 0.15294118
0.23137255 0.25490198 0.27450982 0.41568628 0.49803922 0.6156863 0.7529412 0.84705883 0.8 0.69803923 0.5686275 0.42745098 0.12156863 0.21960784 0.41568628 0.16078432 0.101960786 0.5411765 0.61960787 0.5921569 0.5686275 0.53333336 0.3372549 0.09803922 0.047058824 0.07450981 0.101960786 0.14901961 0.1882353 0.19607843 0.19607843 0.14509805
0.19607843 0.22745098 0.22352941 0.25490198 0.27058825 0.28235295 0.32941177 0.39215687 0.41960785 0.29803923 0.22352941 0.07058824 0.09803922 0.49411765 0.48235294 0.23529412 0.06666667 0.36862746 0.58431375 0.50980395 0.40784314 0.23529412 0.05490196 0.050980393 0.08627451 0.101960786 0.14509805 0.2 0.20392157 0.18431373 0.18039216 0.11764706
0.18431373 0.16862746 0.21568628 0.22352941 0.23529412 0.23137255 0.24705882 0.19607843 0.16470589 0.15686275 0.14117648 0.07450981 0.18039216 0.4509804 0.21568628 0.20784314 0.05490196 0.25882354 0.48235294 0.36078432 0.11372549 0.047058824 0.07058824 0.08235294 0.09803922 0.12156863 0.16862746 0.18039216 0.15686275 0.15294118 0.15686275 0.12941177
0.17254902 0.19607843 0.22352941 0.21960784 0.22745098 0.21960784 0.21960784 0.1764706 0.14901961 0.16078432 0.14901961 0.06666667 0.25490198 0.38039216 0.10980392 0.18039216 0.06666667 0.078431375 0.13725491 0.07450981 0.05490196 0.07058824 0.08627451 0.105882354 0.12156863 0.14901961 0.16470589 0.14901961 0.1254902 0.14509805 0.13333334 0.09411765
0.08235294 0.15294118 0.20392157 0.21176471 0.22352941 0.22352941 0.23137255 0.1764706 0.15686275 0.1764706 0.14117648 0.0627451 0.17254902 0.25490198 0.12941177 0.1882353 0.0627451 0.05490196 0.047058824 0.05490196 0.07058824 0.08235294 0.09411765 0.13333334 0.13333334 0.16862746 0.15686275 0.13725491 0.13333334 0.13725491 0.11764706 0.09411765
0.0627451 0.0627451 0.078431375 0.10980392 0.15294118 0.19215687 0.21960784 0.18431373 0.16470589 0.14901961 0.09411765 0.06666667 0.15686275 0.22352941 0.21960784 0.15686275 0.0627451 0.05490196 0.0627451 0.07058824 0.07450981 0.09019608 0.105882354 0.1254902 0.15686275 0.17254902 0.13333334 0.15294118 0.14509805 0.1254902 0.1254902 0.101960786
0.078431375 0.0627451 0.05882353 0.043137256 0.05490196 0.07058824 0.09411765 0.101960786 0.08627451 0.050980393 0.050980393 0.07058824 0.11764706 0.17254902 0.20784314 0.09019608 0.05882353 0.05882353 0.07450981 0.08235294 0.09411765 0.101960786 0.11764706 0.14509805 0.16470589 0.16862746 0.28627452 0.27450982 0.14901961 0.12941177 0.15686275 0.14117648
0.07450981 0.0627451 0.0627451 0.050980393 0.05490196 0.05490196 0.047058824 0.043137256 0.047058824 0.050980393 0.05490196 0.06666667 0.09019608 0.17254902 0.12941177 0.05882353 0.06666667 0.07450981 0.08235294 0.09019608 0.09803922 0.10980392 0.12156863 0.14117648 0.15294118 0.14117648 0.16470589 0.16470589 0.13725491 0.13333334 0.13725491 0.13333334

