Input image tensor (shape: (1, 3, 32, 32)):

=== Batch 0 ===
-- Channel 0 --
0.6431373 0.63529414 0.63529414 0.63529414 0.6431373 0.6431373 0.6431373 0.64705884 0.64705884 0.64705884 0.64705884 0.64705884 0.6431373 0.64705884 0.64705884 0.6509804 0.6509804 0.6509804 0.6509804 0.6509804 0.654902 0.654902 0.654902 0.654902 0.654902 0.654902 0.654902 0.654902 0.654902 0.654902 0.65882355 0.65882355
0.6509804 0.64705884 0.64705884 0.64705884 0.6509804 0.6509804 0.654902 0.65882355 0.65882355 0.65882355 0.65882355 0.654902 0.654902 0.654902 0.65882355 0.65882355 0.6627451 0.6627451 0.6627451 0.6627451 0.6666667 0.6666667 0.6666667 0.6666667 0.6666667 0.6666667 0.6666667 0.6666667 0.6666667 0.6666667 0.6666667 0.67058825
0.64705884 0.6392157 0.6392157 0.6431373 0.64705884 0.64705884 0.6509804 0.6509804 0.6509804 0.654902 0.654902 0.6509804 0.64705884 0.6509804 0.6509804 0.654902 0.654902 0.654902 0.654902 0.65882355 0.65882355 0.65882355 0.65882355 0.65882355 0.65882355 0.65882355 0.65882355 0.65882355 0.65882355 0.65882355 0.6627451 0.6627451
0.64705884 0.6431373 0.6431373 0.64705884 0.64705884 0.6509804 0.6509804 0.6509804 0.654902 0.65882355 0.65882355 0.654902 0.6509804 0.6509804 0.654902 0.654902 0.654902 0.654902 0.65882355 0.65882355 0.65882355 0.65882355 0.6627451 0.6627451 0.6627451 0.6627451 0.6627451 0.6627451 0.6627451 0.6627451 0.6627451 0.6627451
0.64705884 0.6431373 0.6431373 0.64705884 0.64705884 0.6509804 0.6509804 0.6509804 0.654902 0.65882355 0.65882355 0.654902 0.6509804 0.6509804 0.654902 0.654902 0.654902 0.654902 0.65882355 0.65882355 0.65882355 0.65882355 0.6627451 0.6627451 0.6627451 0.6627451 0.6627451 0.6627451 0.6627451 0.6627451 0.6627451 0.6627451
0.64705884 0.6431373 0.6431373 0.64705884 0.64705884 0.6509804 0.6509804 0.6509804 0.654902 0.65882355 0.65882355 0.654902 0.6509804 0.6509804 0.654902 0.654902 0.654902 0.654902 0.65882355 0.65882355 0.65882355 0.65882355 0.6627451 0.6627451 0.6627451 0.6627451 0.6627451 0.6627451 0.6627451 0.6627451 0.6627451 0.6627451
0.6509804 0.6431373 0.6431373 0.6431373 0.64705884 0.6509804 0.6509804 0.6509804 0.6509804 0.654902 0.65882355 0.65882355 0.654902 0.65882355 0.65882355 0.65882355 0.6627451 0.6627451 0.6627451 0.6627451 0.6666667 0.6666667 0.6666667 0.6666667 0.6666667 0.6666667 0.6666667 0.6666667 0.6666667 0.6666667 0.6666667 0.6666667
0.6509804 0.6431373 0.6431373 0.6431373 0.64705884 0.6509804 0.6509804 0.64705884 0.64705884 0.6509804 0.654902 0.65882355 0.65882355 0.65882355 0.6627451 0.6627451 0.6666667 0.6666667 0.6666667 0.6666667 0.67058825 0.67058825 0.67058825 0.67058825 0.67058825 0.67058825 0.67058825 0.67058825 0.67058825 0.67058825 0.67058825 0.67058825
0.6509804 0.6431373 0.6431373 0.6431373 0.64705884 0.6509804 0.6509804 0.64705884 0.6431373 0.64705884 0.64705884 0.6509804 0.65882355 0.65882355 0.6627451 0.6627451 0.6666667 0.6666667 0.6666667 0.6666667 0.67058825 0.67058825 0.67058825 0.67058825 0.67058825 0.67058825 0.67058825 0.67058825 0.67058825 0.67058825 0.67058825 0.67058825
0.6509804 0.6431373 0.6431373 0.6431373 0.64705884 0.6509804 0.6509804 0.6509804 0.64705884 0.64705884 0.6431373 0.64705884 0.65882355 0.65882355 0.6627451 0.6627451 0.6666667 0.6666667 0.6666667 0.6666667 0.67058825 0.67058825 0.67058825 0.67058825 0.67058825 0.67058825 0.67058825 0.67058825 0.67058825 0.67058825 0.67058825 0.67058825
0.6509804 0.6431373 0.64705884 0.64705884 0.6509804 0.6509804 0.654902 0.6 0.6117647 0.65882355 0.6509804 0.6509804 0.6627451 0.6627451 0.6627451 0.6627451 0.6666667 0.6666667 0.6666667 0.6666667 0.67058825 0.67058825 0.67058825 0.67058825 0.67058825 0.67058825 0.67058825 0.67058825 0.67058825 0.67058825 0.67058825 0.67058825
0.6509804 0.6431373 0.64705884 0.6509804 0.6509804 0.6509804 0.6627451 0.5568628 0.4862745 0.6509804 0.6627451 0.65882355 0.6627451 0.6627451 0.6627451 0.6627451 0.6666667 0.6666667 0.6666667 0.6666667 0.67058825 0.67058825 0.67058825 0.67058825 0.67058825 0.67058825 0.67058825 0.67058825 0.67058825 0.67058825 0.67058825 0.67058825
0.6509804 0.6431373 0.64705884 0.6509804 0.6509804 0.6509804 0.65882355 0.62352943 0.44705883 0.6117647 0.6745098 0.6627451 0.6627451 0.6627451 0.6627451 0.6627451 0.6666667 0.6666667 0.6666667 0.6666667 0.67058825 0.67058825 0.67058825 0.67058825 0.67058825 0.67058825 0.67058825 0.67058825 0.67058825 0.67058825 0.67058825 0.67058825
0.6509804 0.6431373 0.64705884 0.64705884 0.6509804 0.6509804 0.65882355 0.6392157 0.47058824 0.6117647 0.67058825 0.6627451 0.6627451 0.6627451 0.6627451 0.6627451 0.6666667 0.6666667 0.6666667 0.6666667 0.6666667 0.6666667 0.6666667 0.6666667 0.67058825 0.67058825 0.67058825 0.67058825 0.67058825 0.67058825 0.67058825 0.67058825
0.6509804 0.6431373 0.64705884 0.64705884 0.6509804 0.654902 0.6784314 0.6117647 0.49019608 0.6509804 0.6627451 0.654902 0.6627451 0.6627451 0.6627451 0.6627451 0.6666667 0.6666667 0.6666667 0.6666667 0.6666667 0.6666667 0.6666667 0.6666667 0.67058825 0.67058825 0.67058825 0.67058825 0.67058825 0.67058825 0.67058825 0.67058825
0.6509804 0.6431373 0.64705884 0.64705884 0.6509804 0.6627451 0.6666667 0.5529412 0.5019608 0.5882353 0.6509804 0.65882355 0.6627451 0.6627451 0.6627451 0.6627451 0.6666667 0.6666667 0.6666667 0.6666667 0.6666667 0.6666667 0.6666667 0.6666667 0.67058825 0.67058825 0.67058825 0.67058825 0.67058825 0.67058825 0.67058825 0.67058825
0.6509804 0.6431373 0.64705884 0.64705884 0.6509804 0.67058825 0.5803922 0.5294118 0.5137255 0.5137255 0.63529414 0.6627451 0.6627451 0.6627451 0.6627451 0.6627451 0.6666667 0.6666667 0.6666667 0.6666667 0.6666667 0.6666667 0.6666667 0.6666667 0.67058825 0.67058825 0.67058825 0.67058825 0.67058825 0.67058825 0.67058825 0.67058825
0.6509804 0.6431373 0.64705884 0.64705884 0.6509804 0.654902 0.65882355 0.64705884 0.4745098 0.6117647 0.65882355 0.654902 0.6627451 0.6627451 0.6666667 0.6666667 0.6666667 0.6666667 0.6666667 0.6666667 0.6666667 0.6666667 0.67058825 0.67058825 0.67058825 0.67058825 0.67058825 0.67058825 0.67058825 0.67058825 0.67058825 0.67058825
0.6509804 0.6431373 0.64705884 0.64705884 0.6509804 0.6509804 0.6745098 0.56078434 0.43529412 0.6509804 0.6627451 0.65882355 0.6627451 0.6627451 0.6666667 0.6666667 0.6666667 0.6666667 0.6666667 0.6666667 0.6666667 0.6666667 0.67058825 0.67058825 0.67058825 0.67058825 0.67058825 0.67058825 0.67058825 0.67058825 0.67058825 0.67058825
0.6509804 0.6431373 0.64705884 0.64705884 0.6509804 0.654902 0.6666667 0.47843137 0.5137255 0.6627451 0.65882355 0.6627451 0.6627451 0.6627451 0.6666667 0.6666667 0.6666667 0.6666667 0.6666667 0.6666667 0.6666667 0.6666667 0.67058825 0.67058825 0.67058825 0.67058825 0.67058825 0.67058825 0.67058825 0.67058825 0.67058825 0.67058825
0.654902 0.64705884 0.64705884 0.6509804 0.6509804 0.654902 0.65882355 0.5803922 0.6313726 0.65882355 0.65882355 0.6627451 0.6627451 0.6627451 0.6666667 0.6666667 0.6627451 0.6627451 0.6666667 0.6666667 0.6666667 0.6666667 0.67058825 0.67058825 0.67058825 0.67058825 0.67058825 0.67058825 0.67058825 0.67058825 0.67058825 0.67058825
0.65882355 0.6509804 0.6509804 0.654902 0.654902 0.654902 0.654902 0.654902 0.65882355 0.654902 0.65882355 0.6627451 0.6627451 0.6627451 0.6666667 0.67058825 0.6627451 0.6627451 0.6666667 0.6666667 0.67058825 0.6745098 0.67058825 0.67058825 0.67058825 0.67058825 0.67058825 0.67058825 0.6745098 0.6745098 0.67058825 0.6666667
0.65882355 0.6509804 0.6509804 0.654902 0.654902 0.654902 0.654902 0.654902 0.65882355 0.65882355 0.65882355 0.6627451 0.6627451 0.6627451 0.6627451 0.67058825 0.67058825 0.67058825 0.6745098 0.6745098 0.6745098 0.6784314 0.6784314 0.6784314 0.6745098 0.6745098 0.6745098 0.6745098 0.6745098 0.6745098 0.6745098 0.67058825
0.65882355 0.6509804 0.6509804 0.654902 0.654902 0.654902 0.654902 0.65882355 0.65882355 0.65882355 0.65882355 0.6627451 0.6627451 0.6627451 0.6666667 0.67058825 0.6784314 0.6784314 0.6784314 0.68235296 0.68235296 0.6862745 0.6862745 0.68235296 0.6784314 0.6784314 0.6784314 0.6784314 0.6745098 0.6745098 0.6745098 0.6745098
0.65882355 0.654902 0.654902 0.654902 0.654902 0.654902 0.65882355 0.65882355 0.65882355 0.6627451 0.6666667 0.6627451 0.6666667 0.6666667 0.6666667 0.6745098 0.6784314 0.6784314 0.6745098 0.68235296 0.6862745 0.6901961 0.69411767 0.69803923 0.6862745 0.6862745 0.68235296 0.6784314 0.6745098 0.6745098 0.6745098 0.6784314
0.65882355 0.654902 0.65882355 0.654902 0.654902 0.65882355 0.65882355 0.65882355 0.65882355 0.6666667 0.67058825 0.6666667 0.6666667 0.67058825 0.67058825 0.6784314 0.6862745 0.6784314 0.6862745 0.69803923 0.69411767 0.7019608 0.70980394 0.7137255 0.7019608 0.6862745 0.68235296 0.6784314 0.6745098 0.6745098 0.6784314 0.68235296
0.65882355 0.654902 0.65882355 0.654902 0.654902 0.65882355 0.65882355 0.6627451 0.6627451 0.6666667 0.67058825 0.67058825 0.6745098 0.68235296 0.6784314 0.6862745 0.69803923 0.69411767 0.7058824 0.7137255 0.7176471 0.7176471 0.70980394 0.7058824 0.69411767 0.68235296 0.6784314 0.6784314 0.6784314 0.68235296 0.6784314 0.68235296
0.65882355 0.654902 0.65882355 0.654902 0.654902 0.65882355 0.65882355 0.6627451 0.67058825 0.67058825 0.6745098 0.68235296 0.6901961 0.7019608 0.69803923 0.7058824 0.7176471 0.70980394 0.7176471 0.7294118 0.73333335 0.7176471 0.7019608 0.6901961 0.6862745 0.68235296 0.68235296 0.6784314 0.6784314 0.68235296 0.6862745 0.6901961
0.65882355 0.654902 0.654902 0.65882355 0.65882355 0.6627451 0.6627451 0.6666667 0.6784314 0.6784314 0.68235296 0.6901961 0.7058824 0.72156864 0.7294118 0.7411765 0.7372549 0.7294118 0.7294118 0.7294118 0.7254902 0.7058824 0.69411767 0.6862745 0.6862745 0.69411767 0.6901961 0.6862745 0.6862745 0.6901961 0.69803923 0.7019608
0.65882355 0.654902 0.654902 0.65882355 0.65882355 0.6627451 0.6627451 0.67058825 0.6784314 0.68235296 0.68235296 0.6901961 0.70980394 0.7294118 0.74509805 0.75686276 0.7490196 0.73333335 0.72156864 0.7058824 0.7019608 0.69411767 0.6901961 0.6862745 0.6901961 0.7019608 0.7058824 0.7019608 0.7058824 0.7058824 0.7058824 0.70980394
0.6666667 0.6627451 0.6666667 0.6666667 0.67058825 0.67058825 0.6745098 0.6784314 0.6862745 0.69411767 0.69803923 0.7058824 0.7254902 0.7490196 0.7607843 0.7607843 0.75686276 0.73333335 0.70980394 0.69803923 0.7019608 0.7019608 0.7019608 0.7019608 0.7058824 0.7176471 0.7294118 0.73333335 0.7411765 0.7372549 0.7372549 0.7372549
0.65882355 0.654902 0.654902 0.65882355 0.6627451 0.6627451 0.6666667 0.6745098 0.68235296 0.69803923 0.70980394 0.72156864 0.7411765 0.7490196 0.7490196 0.74509805 0.7411765 0.72156864 0.7019608 0.69411767 0.7019608 0.7058824 0.7058824 0.7058824 0.7137255 0.7137255 0.7294118 0.7372549 0.7529412 0.7529412 0.7529412 0.7490196

-- Channel 1 --
0.7058824 0.69803923 0.69803923 0.69803923 0.7058824 0.7058824 0.7058824 0.70980394 0.70980394 0.70980394 0.70980394 0.7137255 0.7137255 0.7176471 0.7176471 0.7176471 0.72156864 0.72156864 0.72156864 0.72156864 0.7254902 0.7254902 0.7254902 0.7254902 0.7254902 0.7254902 0.7254902 0.7254902 0.7254902 0.7254902 0.7294118 0.7294118
0.7137255 0.70980394 0.70980394 0.70980394 0.7137255 0.7137255 0.7176471 0.72156864 0.72156864 0.72156864 0.72156864 0.72156864 0.7254902 0.7254902 0.7294118 0.7294118 0.73333335 0.73333335 0.73333335 0.73333335 0.7372549 0.7372549 0.7372549 0.7372549 0.7372549 0.7372549 0.7372549 0.7372549 0.7372549 0.7372549 0.7372549 0.7411765
0.70980394 0.7019608 0.7019608 0.7058824 0.70980394 0.70980394 0.70980394 0.7137255 0.7137255 0.7176471 0.7176471 0.7176471 0.7176471 0.72156864 0.72156864 0.7254902 0.7254902 0.7254902 0.7254902 0.7254902 0.7294118 0.7294118 0.7294118 0.7294118 0.7294118 0.7294118 0.7294118 0.7294118 0.7294118 0.7294118 0.73333335 0.73333335
0.70980394 0.7058824 0.7058824 0.70980394 0.70980394 0.7137255 0.7137255 0.7137255 0.7176471 0.72156864 0.72156864 0.72156864 0.72156864 0.72156864 0.7254902 0.7254902 0.7254902 0.7254902 0.7294118 0.7294118 0.7294118 0.7294118 0.73333335 0.73333335 0.73333335 0.73333335 0.73333335 0.73333335 0.73333335 0.73333335 0.73333335 0.73333335
0.70980394 0.7058824 0.7058824 0.70980394 0.70980394 0.7137255 0.7137255 0.7137255 0.7176471 0.72156864 0.72156864 0.72156864 0.72156864 0.72156864 0.7254902 0.7254902 0.7254902 0.7254902 0.7294118 0.7294118 0.7294118 0.7294118 0.73333335 0.73333335 0.73333335 0.73333335 0.73333335 0.73333335 0.73333335 0.73333335 0.73333335 0.73333335
0.70980394 0.7058824 0.7058824 0.70980394 0.70980394 0.7137255 0.7137255 0.7137255 0.7176471 0.72156864 0.72156864 0.72156864 0.72156864 0.72156864 0.7254902 0.7254902 0.7254902 0.7254902 0.7294118 0.7294118 0.7294118 0.7294118 0.73333335 0.73333335 0.73333335 0.73333335 0.73333335 0.73333335 0.73333335 0.73333335 0.73333335 0.73333335
0.7137255 0.7058824 0.7058824 0.7058824 0.70980394 0.7137255 0.7137255 0.7176471 0.7176471 0.72156864 0.72156864 0.72156864 0.72156864 0.72156864 0.7254902 0.7254902 0.7294118 0.7294118 0.7294118 0.7294118 0.73333335 0.73333335 0.73333335 0.73333335 0.73333335 0.73333335 0.73333335 0.73333335 0.73333335 0.73333335 0.73333335 0.73333335
0.7137255 0.7058824 0.7058824 0.7058824 0.70980394 0.7137255 0.7137255 0.7176471 0.72156864 0.7176471 0.72156864 0.72156864 0.72156864 0.72156864 0.7254902 0.7254902 0.7294118 0.7294118 0.7294118 0.7294118 0.73333335 0.73333335 0.73333335 0.73333335 0.73333335 0.73333335 0.73333335 0.73333335 0.73333335 0.73333335 0.73333335 0.73333335
0.7137255 0.7058824 0.7058824 0.7058824 0.70980394 0.7137255 0.7137255 0.7137255 0.7176471 0.72156864 0.7254902 0.7254902 0.72156864 0.72156864 0.7254902 0.7254902 0.7294118 0.7294118 0.7294118 0.7294118 0.73333335 0.73333335 0.73333335 0.73333335 0.73333335 0.73333335 0.73333335 0.73333335 0.73333335 0.73333335 0.73333335 0.73333335
0.7137255 0.7058824 0.7058824 0.7058824 0.70980394 0.7137255 0.7137255 0.7137255 0.7176471 0.72156864 0.7254902 0.7254902 0.72156864 0.72156864 0.7254902 0.7254902 0.7294118 0.7294118 0.7294118 0.7294118 0.73333335 0.73333335 0.73333335 0.73333335 0.73333335 0.73333335 0.73333335 0.73333335 0.73333335 0.73333335 0.73333335 0.73333335
0.7137255 0.7058824 0.70980394 0.70980394 0.7137255 0.7137255 0.7176471 0.654902 0.6666667 0.72156864 0.7254902 0.7254902 0.7254902 0.7254902 0.7254902 0.7254902 0.7294118 0.7294118 0.7294118 0.7294118 0.73333335 0.73333335 0.73333335 0.73333335 0.73333335 0.73333335 0.73333335 0.73333335 0.73333335 0.73333335 0.73333335 0.73333335
0.7137255 0.7058824 0.70980394 0.7137255 0.7137255 0.7137255 0.7254902 0.60784316 0.52156866 0.7019608 0.7254902 0.72156864 0.7254902 0.7254902 0.7254902 0.7254902 0.7294118 0.7294118 0.7294118 0.7294118 0.73333335 0.73333335 0.73333335 0.73333335 0.73333335 0.73333335 0.73333335 0.73333335 0.73333335 0.73333335 0.73333335 0.73333335
0.7137255 0.7058824 0.70980394 0.7137255 0.7137255 0.7137255 0.72156864 0.6666667 0.46666667 0.6431373 0.7254902 0.7176471 0.7254902 0.7254902 0.7254902 0.7254902 0.7294118 0.7294118 0.7294118 0.7294118 0.73333335 0.73333335 0.73333335 0.73333335 0.73333335 0.73333335 0.73333335 0.73333335 0.73333335 0.73333335 0.73333335 0.73333335
0.7137255 0.7058824 0.70980394 0.7137255 0.7137255 0.70980394 0.7176471 0.6666667 0.49019608 0.6509804 0.7254902 0.72156864 0.7254902 0.7254902 0.7254902 0.7254902 0.7294118 0.7294118 0.7294118 0.7294118 0.7294118 0.7294118 0.7294118 0.7294118 0.73333335 0.73333335 0.73333335 0.73333335 0.73333335 0.73333335 0.73333335 0.73333335
0.7137255 0.7058824 0.70980394 0.7137255 0.7137255 0.70980394 0.73333335 0.63529414 0.5058824 0.69803923 0.7254902 0.72156864 0.7254902 0.7254902 0.7254902 0.7254902 0.7294118 0.7294118 0.7294118 0.7294118 0.7294118 0.7294118 0.7294118 0.7294118 0.73333335 0.73333335 0.73333335 0.73333335 0.73333335 0.73333335 0.73333335 0.73333335
0.7137255 0.7058824 0.70980394 0.7176471 0.7176471 0.7254902 0.7294118 0.57254905 0.5019608 0.627451 0.7176471 0.7294118 0.7254902 0.7254902 0.7254902 0.7254902 0.7294118 0.7294118 0.7294118 0.7294118 0.7294118 0.7294118 0.7294118 0.7294118 0.73333335 0.73333335 0.73333335 0.73333335 0.73333335 0.73333335 0.73333335 0.73333335
0.7137255 0.7058824 0.70980394 0.7176471 0.7176471 0.73333335 0.6431373 0.5411765 0.49803922 0.5411765 0.7019608 0.73333335 0.7254902 0.7254902 0.7254902 0.7254902 0.7294118 0.7294118 0.7294118 0.7294118 0.7294118 0.7294118 0.7294118 0.7294118 0.73333335 0.73333335 0.73333335 0.73333335 0.73333335 0.73333335 0.73333335 0.73333335
0.7137255 0.7058824 0.70980394 0.7137255 0.7137255 0.70980394 0.7176471 0.65882355 0.46666667 0.64705884 0.7254902 0.7254902 0.7254902 0.7254902 0.7294118 0.7294118 0.7294118 0.7294118 0.7294118 0.7294118 0.7294118 0.7294118 0.73333335 0.73333335 0.73333335 0.73333335 0.73333335 0.73333335 0.73333335 0.73333335 0.73333335 0.73333335
0.7137255 0.7058824 0.70980394 0.7137255 0.70980394 0.7019608 0.7254902 0.5803922 0.44313726 0.69411767 0.7254902 0.72156864 0.7254902 0.7254902 0.7294118 0.7294118 0.7294118 0.7294118 0.7294118 0.7294118 0.7294118 0.7294118 0.73333335 0.73333335 0.73333335 0.73333335 0.73333335 0.73333335 0.73333335 0.73333335 0.73333335 0.73333335
0.7137255 0.7058824 0.70980394 0.7176471 0.7137255 0.7058824 0.7176471 0.5137255 0.5529412 0.72156864 0.7176471 0.72156864 0.7254902 0.7254902 0.7294118 0.7294118 0.7294118 0.7294118 0.7294118 0.7294118 0.7294118 0.7294118 0.73333335 0.73333335 0.73333335 0.73333335 0.73333335 0.73333335 0.73333335 0.73333335 0.73333335 0.73333335
0.7137255 0.7058824 0.70980394 0.7176471 0.7176471 0.7137255 0.7137255 0.6313726 0.6862745 0.72156864 0.72156864 0.72156864 0.7254902 0.7254902 0.7294118 0.7294118 0.7294118 0.7294118 0.7294118 0.7294118 0.73333335 0.73333335 0.73333335 0.73333335 0.73333335 0.73333335 0.73333335 0.73333335 0.73333335 0.73333335 0.73333335 0.73333335
0.7176471 0.70980394 0.70980394 0.7176471 0.7176471 0.7176471 0.7176471 0.7176471 0.72156864 0.7176471 0.72156864 0.7254902 0.7254902 0.7254902 0.7294118 0.73333335 0.7294118 0.7294118 0.73333335 0.73333335 0.7372549 0.7411765 0.7372549 0.7372549 0.7372549 0.73333335 0.73333335 0.73333335 0.7372549 0.7372549 0.73333335 0.7294118
0.7176471 0.70980394 0.70980394 0.7137255 0.7176471 0.7176471 0.7176471 0.7176471 0.72156864 0.72156864 0.72156864 0.7254902 0.7254902 0.7254902 0.7254902 0.73333335 0.73333335 0.73333335 0.7372549 0.7372549 0.7372549 0.7411765 0.7411765 0.7411765 0.7372549 0.7372549 0.7372549 0.7372549 0.7372549 0.7372549 0.7372549 0.73333335
0.7176471 0.70980394 0.70980394 0.7137255 0.7176471 0.7176471 0.7176471 0.72156864 0.72156864 0.72156864 0.72156864 0.7254902 0.7254902 0.7254902 0.7294118 0.73333335 0.7372549 0.7372549 0.7411765 0.7411765 0.7411765 0.74509805 0.74509805 0.74509805 0.7411765 0.7411765 0.7411765 0.7411765 0.7372549 0.7372549 0.7372549 0.7372549
0.7176471 0.7137255 0.7137255 0.7176471 0.7176471 0.7176471 0.72156864 0.72156864 0.72156864 0.7254902 0.7294118 0.7254902 0.7294118 0.7294118 0.7294118 0.7372549 0.7372549 0.73333335 0.73333335 0.7411765 0.74509805 0.7490196 0.7490196 0.75686276 0.7490196 0.7490196 0.74509805 0.7411765 0.7372549 0.7372549 0.7372549 0.7411765
0.7176471 0.7137255 0.7176471 0.7176471 0.7176471 0.72156864 0.72156864 0.72156864 0.72156864 0.7294118 0.73333335 0.7294118 0.73333335 0.73333335 0.7372549 0.7411765 0.7411765 0.73333335 0.7411765 0.7490196 0.7490196 0.75686276 0.7647059 0.76862746 0.7607843 0.7490196 0.74509805 0.7411765 0.7372549 0.7372549 0.7411765 0.74509805
0.7176471 0.7137255 0.7176471 0.7176471 0.7176471 0.72156864 0.72156864 0.7254902 0.7254902 0.7294118 0.73333335 0.7372549 0.7411765 0.7490196 0.74509805 0.7490196 0.7529412 0.74509805 0.75686276 0.7647059 0.76862746 0.76862746 0.7607843 0.75686276 0.7529412 0.74509805 0.7411765 0.7411765 0.7411765 0.7411765 0.7411765 0.74509805
0.7176471 0.7137255 0.7176471 0.7176471 0.7176471 0.72156864 0.72156864 0.7254902 0.7294118 0.7294118 0.73333335 0.7411765 0.7490196 0.7607843 0.75686276 0.7647059 0.76862746 0.7607843 0.76862746 0.78039217 0.78431374 0.76862746 0.7529412 0.74509805 0.7490196 0.7490196 0.74509805 0.7411765 0.7411765 0.7411765 0.74509805 0.7490196
0.7176471 0.7137255 0.7137255 0.7176471 0.7176471 0.72156864 0.72156864 0.7254902 0.7294118 0.73333335 0.7372549 0.7411765 0.7529412 0.76862746 0.78039217 0.7882353 0.78431374 0.78039217 0.78431374 0.7882353 0.78039217 0.75686276 0.74509805 0.7411765 0.74509805 0.75686276 0.7529412 0.7490196 0.74509805 0.74509805 0.7490196 0.7529412
0.7176471 0.7137255 0.7137255 0.7176471 0.7176471 0.72156864 0.72156864 0.7254902 0.7294118 0.73333335 0.7372549 0.7411765 0.7529412 0.77254903 0.7921569 0.8 0.7921569 0.78431374 0.78039217 0.76862746 0.7529412 0.74509805 0.7411765 0.7372549 0.74509805 0.7607843 0.7647059 0.76862746 0.7607843 0.75686276 0.7607843 0.7607843
0.7294118 0.72156864 0.7254902 0.7254902 0.7294118 0.7294118 0.73333335 0.73333335 0.7372549 0.7490196 0.75686276 0.7607843 0.77254903 0.79607844 0.80784315 0.8039216 0.8 0.78431374 0.76862746 0.7607843 0.75686276 0.75686276 0.7529412 0.75686276 0.7607843 0.77254903 0.7882353 0.7921569 0.79607844 0.7882353 0.7882353 0.7882353
0.7176471 0.7137255 0.7137255 0.7176471 0.72156864 0.72156864 0.7254902 0.7254902 0.73333335 0.7490196 0.7647059 0.7764706 0.78431374 0.79607844 0.79607844 0.7882353 0.78431374 0.77254903 0.75686276 0.75686276 0.75686276 0.75686276 0.7607843 0.7607843 0.7647059 0.76862746 0.78431374 0.79607844 0.8039216 0.8 0.8039216 0.8

-- Channel 2 --
0.8392157 0.83137256 0.83137256 0.83137256 0.8352941 0.8352941 0.8392157 0.84705883 0.8509804 0.8509804 0.8509804 0.8509804 0.85490197 0.85490197 0.85882354 0.85882354 0.8627451 0.8627451 0.8627451 0.8627451 0.8666667 0.8666667 0.8666667 0.8666667 0.8666667 0.8666667 0.8666667 0.8666667 0.8666667 0.8666667 0.8666667 0.87058824
0.8509804 0.84313726 0.84313726 0.84313726 0.84705883 0.8509804 0.8509804 0.85882354 0.8627451 0.8627451 0.8627451 0.8627451 0.8666667 0.8666667 0.87058824 0.87058824 0.8745098 0.8745098 0.8745098 0.8745098 0.8784314 0.8784314 0.8784314 0.8784314 0.8784314 0.8784314 0.8784314 0.8784314 0.8784314 0.8784314 0.88235295 0.88235295
0.84313726 0.8352941 0.8352941 0.8392157 0.8392157 0.84313726 0.84313726 0.8509804 0.85490197 0.85882354 0.85882354 0.85882354 0.85882354 0.8627451 0.8627451 0.8627451 0.8666667 0.8666667 0.8666667 0.8666667 0.87058824 0.87058824 0.87058824 0.87058824 0.87058824 0.87058824 0.87058824 0.87058824 0.87058824 0.87058824 0.8745098 0.8745098
0.84705883 0.8392157 0.8392157 0.84313726 0.84313726 0.84705883 0.84705883 0.8509804 0.85882354 0.8627451 0.8627451 0.8627451 0.8627451 0.8627451 0.8666667 0.8666667 0.8666667 0.8666667 0.87058824 0.87058824 0.87058824 0.87058824 0.8745098 0.8745098 0.8745098 0.8745098 0.8745098 0.8745098 0.8745098 0.8745098 0.8745098 0.8745098
0.84705883 0.8392157 0.8392157 0.84313726 0.84313726 0.84705883 0.84705883 0.8509804 0.85882354 0.8627451 0.8627451 0.8627451 0.8627451 0.8627451 0.8666667 0.8666667 0.8666667 0.8666667 0.87058824 0.87058824 0.87058824 0.87058824 0.8745098 0.8745098 0.8745098 0.8745098 0.8745098 0.8745098 0.8745098 0.8745098 0.8745098 0.8745098
0.84705883 0.8392157 0.8392157 0.84313726 0.84313726 0.84705883 0.84705883 0.8509804 0.85882354 0.8627451 0.8627451 0.8627451 0.8627451 0.8627451 0.8666667 0.8666667 0.8666667 0.8666667 0.87058824 0.87058824 0.87058824 0.87058824 0.8745098 0.8745098 0.8745098 0.8745098 0.8745098 0.8745098 0.8745098 0.8745098 0.8745098 0.8745098
0.84705883 0.8392157 0.8392157 0.8392157 0.84313726 0.84705883 0.84705883 0.8509804 0.85490197 0.85882354 0.8627451 0.8627451 0.85882354 0.85882354 0.8627451 0.8627451 0.8627451 0.8627451 0.8666667 0.8666667 0.87058824 0.8745098 0.8745098 0.8745098 0.87058824 0.87058824 0.87058824 0.87058824 0.87058824 0.8745098 0.8745098 0.8745098
0.84705883 0.8392157 0.8392157 0.8392157 0.84313726 0.84705883 0.84705883 0.8509804 0.85882354 0.85882354 0.8627451 0.85882354 0.85490197 0.85490197 0.85882354 0.85882354 0.8627451 0.8627451 0.8627451 0.8627451 0.8745098 0.8745098 0.8745098 0.8745098 0.87058824 0.8666667 0.8666667 0.8666667 0.87058824 0.8745098 0.8745098 0.8745098
0.84705883 0.8392157 0.8392157 0.8392157 0.84313726 0.84705883 0.84705883 0.85490197 0.8627451 0.8627451 0.8627451 0.85882354 0.85490197 0.85490197 0.85882354 0.85882354 0.8627451 0.8627451 0.8627451 0.8627451 0.8745098 0.8745098 0.8745098 0.8745098 0.87058824 0.8666667 0.8666667 0.8666667 0.87058824 0.8745098 0.8745098 0.8745098
0.84705883 0.8392157 0.8392157 0.8392157 0.84313726 0.84705883 0.84705883 0.85490197 0.85882354 0.85882354 0.85882354 0.85490197 0.85490197 0.85490197 0.85882354 0.85882354 0.8627451 0.8627451 0.8627451 0.8627451 0.8745098 0.8745098 0.8745098 0.8745098 0.87058824 0.8666667 0.8666667 0.8666667 0.87058824 0.8745098 0.8745098 0.8745098
0.84705883 0.8392157 0.84313726 0.84313726 0.84705883 0.84705883 0.8509804 0.78039217 0.78039217 0.84313726 0.85490197 0.85882354 0.85882354 0.85882354 0.85882354 0.85882354 0.8627451 0.8627451 0.8627451 0.8627451 0.8745098 0.8745098 0.8745098 0.8745098 0.87058824 0.8666667 0.8666667 0.8666667 0.87058824 0.8745098 0.8745098 0.8745098
0.84705883 0.8392157 0.84313726 0.84705883 0.84705883 0.84313726 0.85882354 0.7058824 0.59607846 0.8039216 0.8509804 0.85882354 0.85882354 0.85882354 0.85882354 0.85882354 0.8627451 0.8627451 0.8627451 0.8627451 0.8745098 0.8745098 0.8745098 0.8745098 0.87058824 0.8666667 0.8666667 0.8666667 0.87058824 0.8745098 0.8745098 0.8745098
0.84705883 0.8392157 0.84313726 0.84705883 0.84705883 0.84705883 0.85882354 0.7411765 0.5058824 0.7294118 0.85490197 0.8627451 0.85882354 0.85882354 0.85882354 0.85882354 0.8627451 0.8627451 0.8627451 0.8627451 0.87058824 0.8745098 0.8745098 0.8745098 0.87058824 0.8666667 0.8666667 0.8666667 0.87058824 0.8745098 0.8745098 0.8745098
0.84705883 0.8392157 0.84313726 0.84705883 0.85882354 0.85882354 0.85882354 0.72156864 0.5019608 0.7294118 0.8509804 0.85882354 0.85882354 0.85882354 0.85882354 0.85882354 0.8627451 0.8627451 0.8627451 0.8627451 0.8666667 0.8666667 0.8666667 0.8666667 0.8666667 0.8666667 0.8666667 0.8666667 0.87058824 0.87058824 0.87058824 0.87058824
0.84313726 0.8352941 0.8392157 0.8392157 0.84705883 0.84705883 0.85490197 0.654902 0.49803922 0.7764706 0.8509804 0.85490197 0.85882354 0.85882354 0.85882354 0.85882354 0.8627451 0.8627451 0.8627451 0.8627451 0.8627451 0.8627451 0.8627451 0.8627451 0.8666667 0.8666667 0.8666667 0.8666667 0.8666667 0.8666667 0.8666667 0.8666667
0.84313726 0.8352941 0.8392157 0.8235294 0.8235294 0.8235294 0.8 0.5647059 0.4862745 0.7058824 0.84313726 0.85882354 0.85882354 0.85882354 0.85882354 0.85882354 0.8627451 0.8627451 0.8627451 0.8627451 0.8627451 0.8627451 0.8627451 0.8627451 0.8666667 0.8666667 0.8666667 0.8666667 0.8666667 0.8666667 0.8666667 0.8666667
0.84313726 0.8352941 0.8392157 0.827451 0.8235294 0.827451 0.7019608 0.53333336 0.49411765 0.62352943 0.827451 0.8627451 0.85882354 0.85882354 0.85882354 0.85882354 0.8627451 0.8627451 0.8627451 0.8627451 0.8627451 0.8627451 0.8627451 0.8627451 0.8666667 0.8666667 0.8666667 0.8666667 0.8666667 0.8666667 0.8666667 0.8666667
0.84313726 0.8352941 0.8392157 0.84313726 0.8509804 0.84313726 0.81960785 0.6862745 0.4862745 0.74509805 0.85882354 0.85490197 0.85882354 0.85882354 0.8627451 0.8627451 0.8627451 0.8627451 0.8627451 0.8627451 0.8627451 0.8627451 0.8666667 0.8666667 0.8666667 0.8666667 0.8666667 0.8666667 0.8666667 0.8666667 0.8666667 0.8666667
0.84313726 0.8352941 0.8392157 0.84705883 0.8666667 0.8627451 0.87058824 0.6509804 0.5019608 0.8156863 0.8627451 0.85490197 0.85882354 0.85882354 0.8627451 0.8627451 0.8627451 0.8627451 0.8627451 0.8627451 0.8627451 0.8627451 0.8666667 0.8666667 0.8666667 0.8666667 0.8666667 0.8666667 0.8666667 0.8666667 0.8666667 0.8666667
0.84313726 0.8352941 0.8392157 0.83137256 0.84705883 0.8627451 0.87058824 0.6156863 0.6431373 0.85882354 0.8627451 0.85490197 0.85882354 0.85882354 0.8627451 0.8627451 0.8627451 0.8627451 0.8627451 0.8627451 0.8627451 0.8627451 0.8666667 0.8666667 0.8666667 0.8666667 0.8666667 0.8666667 0.8666667 0.8666667 0.8666667 0.8666667
0.84705883 0.8352941 0.8392157 0.827451 0.8352941 0.8509804 0.85490197 0.7490196 0.8 0.8627451 0.85882354 0.85490197 0.8627451 0.8627451 0.8666667 0.8666667 0.8666667 0.8666667 0.8666667 0.8666667 0.8666667 0.87058824 0.87058824 0.87058824 0.8666667 0.8666667 0.8666667 0.8666667 0.8666667 0.8666667 0.8666667 0.8666667
0.84705883 0.8392157 0.8392157 0.8392157 0.84313726 0.84705883 0.84705883 0.84313726 0.84705883 0.8509804 0.8509804 0.85490197 0.8627451 0.8627451 0.8627451 0.87058824 0.8666667 0.8666667 0.87058824 0.87058824 0.87058824 0.8745098 0.8745098 0.8745098 0.8666667 0.8627451 0.8627451 0.8627451 0.8666667 0.87058824 0.8666667 0.8627451
0.84705883 0.8392157 0.8392157 0.84313726 0.84705883 0.84705883 0.84705883 0.84705883 0.8509804 0.8509804 0.8509804 0.85490197 0.85882354 0.85882354 0.8627451 0.8666667 0.8666667 0.8666667 0.87058824 0.87058824 0.87058824 0.8745098 0.8745098 0.8745098 0.87058824 0.8666667 0.8666667 0.8666667 0.87058824 0.87058824 0.87058824 0.8666667
0.84705883 0.8392157 0.8392157 0.84313726 0.84705883 0.84705883 0.84705883 0.8509804 0.8509804 0.8509804 0.8509804 0.85490197 0.85490197 0.85490197 0.85882354 0.8666667 0.8666667 0.8666667 0.87058824 0.87058824 0.8745098 0.8784314 0.8745098 0.8745098 0.87058824 0.87058824 0.87058824 0.87058824 0.87058824 0.87058824 0.87058824 0.87058824
0.84705883 0.84313726 0.84313726 0.84705883 0.84705883 0.84705883 0.8509804 0.8509804 0.8509804 0.85490197 0.85882354 0.85490197 0.85882354 0.85882354 0.85882354 0.8666667 0.8666667 0.8627451 0.8627451 0.87058824 0.8745098 0.8784314 0.8784314 0.8862745 0.8784314 0.8784314 0.8745098 0.87058824 0.87058824 0.87058824 0.87058824 0.8745098
0.84705883 0.84313726 0.84705883 0.84705883 0.84705883 0.8509804 0.8509804 0.8509804 0.8509804 0.85882354 0.8627451 0.85882354 0.85490197 0.85490197 0.85490197 0.8627451 0.8666667 0.85882354 0.8666667 0.8745098 0.8745098 0.88235295 0.8901961 0.89411765 0.8901961 0.8784314 0.8745098 0.87058824 0.87058824 0.87058824 0.87058824 0.8784314
0.84705883 0.84313726 0.84705883 0.84705883 0.84705883 0.8509804 0.8509804 0.85490197 0.85490197 0.85882354 0.8627451 0.8627451 0.85882354 0.8666667 0.85882354 0.87058824 0.8745098 0.87058824 0.88235295 0.8901961 0.89411765 0.89411765 0.8862745 0.88235295 0.88235295 0.8745098 0.87058824 0.87058824 0.87058824 0.8745098 0.8745098 0.8784314
0.84705883 0.84313726 0.84705883 0.84313726 0.84313726 0.84705883 0.84705883 0.85490197 0.85882354 0.85882354 0.8627451 0.8627451 0.87058824 0.8784314 0.87058824 0.8784314 0.88235295 0.8784314 0.8901961 0.90588236 0.9098039 0.89411765 0.8784314 0.87058824 0.8745098 0.8745098 0.87058824 0.8627451 0.87058824 0.8784314 0.8784314 0.88235295
0.84705883 0.84313726 0.84313726 0.84313726 0.8392157 0.84313726 0.84313726 0.85490197 0.8666667 0.85882354 0.85490197 0.8627451 0.8784314 0.8862745 0.88235295 0.8862745 0.88235295 0.8862745 0.8980392 0.90588236 0.9019608 0.8862745 0.87058824 0.8666667 0.8745098 0.8784314 0.8666667 0.85490197 0.8666667 0.8784314 0.88235295 0.8862745
0.84705883 0.8392157 0.84313726 0.8392157 0.8392157 0.84313726 0.84313726 0.85490197 0.8627451 0.85882354 0.8509804 0.85490197 0.87058824 0.88235295 0.8901961 0.89411765 0.8901961 0.8862745 0.8901961 0.8784314 0.8784314 0.87058824 0.8666667 0.8627451 0.87058824 0.8784314 0.8745098 0.8666667 0.87058824 0.8745098 0.8784314 0.8784314
0.85882354 0.8509804 0.85490197 0.8509804 0.8509804 0.8509804 0.85490197 0.8627451 0.87058824 0.8666667 0.8627451 0.8666667 0.88235295 0.9019608 0.9098039 0.9019608 0.8980392 0.8862745 0.8784314 0.8745098 0.8745098 0.8784314 0.8745098 0.8784314 0.88235295 0.8901961 0.89411765 0.89411765 0.89411765 0.8862745 0.8901961 0.8862745
0.84705883 0.8392157 0.84313726 0.8392157 0.84313726 0.84313726 0.84313726 0.8509804 0.85882354 0.8627451 0.8666667 0.8745098 0.88235295 0.8901961 0.89411765 0.8862745 0.88235295 0.87058824 0.8666667 0.8666667 0.87058824 0.87058824 0.87058824 0.8745098 0.88235295 0.8784314 0.8862745 0.8901961 0.8901961 0.88235295 0.88235295 0.8784314

