Output of QuantizeLinear after ReLU (shape: (1, 8, 30, 30)):

=== Batch 0 ===
-- Channel 0 --
13 13 12 12 12 12 13 13 13 13 13 13 13 13 13 13 13 13 13 13 13 13 13 13 13 13 13 13 13 13
12 12 12 12 12 12 12 12 12 13 13 13 13 13 12 13 13 13 13 13 13 13 13 13 13 13 13 13 12 13
12 12 12 12 12 12 12 12 13 13 13 13 13 13 13 13 13 13 13 13 13 13 13 13 13 13 13 13 13 13
12 12 12 12 12 12 12 12 13 13 13 13 12 13 13 13 13 13 13 13 12 13 13 13 13 13 13 13 13 13
12 12 12 12 12 12 12 13 13 13 13 13 12 13 13 13 13 13 13 13 13 13 13 13 13 13 13 13 13 13
12 12 12 12 12 12 12 13 13 13 13 13 12 13 12 12 13 13 13 13 13 13 13 13 13 13 13 13 13 13
12 12 12 12 12 12 13 13 13 13 13 13 12 12 12 13 12 12 12 13 13 13 13 13 13 13 13 13 13 13
12 12 12 12 12 12 12 13 13 13 13 13 12 12 12 12 12 12 12 13 13 13 13 13 13 13 13 12 13 13
12 12 12 12 12 13 12 12 13 13 13 13 12 12 12 12 12 12 12 13 13 13 13 13 13 13 13 12 13 13
12 12 12 12 12 16 13 6 10 13 13 13 12 13 12 12 12 12 12 13 13 13 13 13 13 13 13 12 13 13
12 12 12 12 11 18 17 0 5 12 12 13 12 12 12 12 12 12 12 13 13 13 13 13 13 13 13 12 13 13
12 12 12 13 11 18 23 0 0 10 12 12 12 12 12 12 12 12 12 12 13 13 13 13 13 13 13 12 13 13
12 12 13 13 11 17 26 0 0 10 12 12 12 12 12 12 12 12 12 12 13 13 12 13 13 13 13 12 12 12
12 12 12 12 11 19 23 0 1 11 12 12 12 12 12 12 12 12 12 12 12 12 12 12 13 13 13 13 13 13
12 12 11 10 12 21 16 0 0 8 12 13 12 12 12 12 12 12 12 12 12 12 12 12 13 13 13 13 13 13
12 12 12 11 14 19 14 0 0 7 12 13 12 12 12 12 12 12 12 12 12 12 12 12 13 13 13 13 13 13
12 12 13 13 16 20 21 0 0 10 12 12 12 12 12 12 12 12 12 12 12 12 12 13 13 13 13 13 13 13
12 12 12 13 13 24 23 0 2 12 12 12 12 12 12 12 12 12 12 12 12 12 13 13 13 13 13 13 13 13
12 11 11 12 12 27 15 0 8 12 12 12 13 13 12 12 12 12 12 12 12 12 13 13 13 13 13 13 13 13
12 12 12 11 12 23 10 4 12 12 12 12 13 13 13 13 13 13 13 13 12 13 12 12 12 13 13 13 13 13
12 12 12 12 12 15 11 11 12 12 12 12 12 12 13 13 13 13 12 12 13 13 13 13 12 12 12 12 13 13
12 12 12 12 12 12 12 12 12 12 12 12 13 12 12 12 12 12 13 12 12 13 13 13 13 13 13 13 13 13
12 11 12 12 12 12 12 12 12 12 12 12 12 12 12 12 12 12 12 12 12 12 13 12 13 12 13 13 13 12
12 12 12 12 12 12 12 12 12 12 12 12 12 12 12 12 12 12 12 12 12 12 13 13 13 13 13 13 12 12
12 12 12 12 12 12 12 12 12 13 12 12 12 11 12 13 12 11 12 12 12 12 13 13 13 13 13 12 12 12
12 12 12 12 12 12 12 12 12 12 12 12 12 11 12 13 11 11 12 12 12 13 13 13 13 13 13 12 12 12
12 12 12 12 12 11 12 12 12 12 11 11 12 11 11 12 11 11 12 14 14 13 12 12 12 12 12 12 12 12
12 12 12 12 12 11 11 12 12 11 11 10 11 10 11 12 11 12 13 14 13 13 12 11 12 12 12 12 12 12
12 12 12 11 12 11 11 11 12 11 10 9 10 11 12 12 12 13 12 13 12 12 11 11 11 12 12 11 11 11
12 12 12 12 12 12 12 11 11 11 10 10 10 12 12 13 13 13 12 12 12 12 12 11 11 12 11 12 11 11

-- Channel 1 --
0 0 0 0 0 0 0 0 0 0 0 0 0 0 0 0 0 0 0 0 0 0 0 0 0 0 0 0 0 0
0 0 0 0 0 0 0 0 0 0 0 0 0 0 0 0 0 0 0 0 0 0 0 0 0 0 0 0 0 0
0 0 0 0 0 0 0 0 0 0 0 0 0 0 0 0 0 0 0 0 0 0 0 0 0 0 0 0 0 0
0 0 0 0 0 0 0 0 0 0 0 0 0 0 0 0 0 0 0 0 0 0 0 0 0 0 0 0 0 0
0 0 0 0 0 0 0 0 0 0 0 0 0 0 0 0 0 0 0 0 0 0 0 0 0 0 0 0 0 0
0 0 0 0 0 0 0 0 0 0 0 0 0 0 0 0 0 0 0 0 0 0 0 0 0 0 0 0 0 0
0 0 0 0 0 0 0 0 0 0 0 0 0 0 0 0 0 0 0 0 0 0 0 0 0 0 0 0 0 0
0 0 0 0 0 0 0 0 0 0 0 0 0 0 0 0 0 0 0 0 0 0 0 0 0 0 0 0 0 0
0 0 0 0 0 0 0 0 0 0 0 0 0 0 0 0 0 0 0 0 0 0 0 0 0 0 0 0 0 0
0 0 0 0 0 0 0 0 0 0 0 0 0 0 0 0 0 0 0 0 0 0 0 0 0 0 0 0 0 0
0 0 0 0 0 0 0 0 0 0 0 0 0 0 0 0 0 0 0 0 0 0 0 0 0 0 0 0 0 0
0 0 0 0 0 0 0 0 0 0 0 0 0 0 0 0 0 0 0 0 0 0 0 0 0 0 0 0 0 0
0 0 0 0 0 0 0 0 0 0 0 0 0 0 0 0 0 0 0 0 0 0 0 0 0 0 0 0 0 0
0 0 0 0 0 0 0 0 0 0 0 0 0 0 0 0 0 0 0 0 0 0 0 0 0 0 0 0 0 0
0 0 0 0 0 0 0 0 0 0 0 0 0 0 0 0 0 0 0 0 0 0 0 0 0 0 0 0 0 0
0 0 0 0 0 0 0 0 0 0 0 0 0 0 0 0 0 0 0 0 0 0 0 0 0 0 0 0 0 0
0 0 0 0 0 0 0 0 0 0 0 0 0 0 0 0 0 0 0 0 0 0 0 0 0 0 0 0 0 0
0 0 0 0 0 0 0 0 0 0 0 0 0 0 0 0 0 0 0 0 0 0 0 0 0 0 0 0 0 0
0 0 0 0 0 0 0 0 0 0 0 0 0 0 0 0 0 0 0 0 0 0 0 0 0 0 0 0 0 0
0 0 0 0 0 0 0 0 0 0 0 0 0 0 0 0 0 0 0 0 0 0 0 0 0 0 0 0 0 0
0 0 0 0 0 0 0 0 0 0 0 0 0 0 0 0 0 0 0 0 0 0 0 0 0 0 0 0 0 0
0 0 0 0 0 0 0 0 0 0 0 0 0 0 0 0 0 0 0 0 0 0 0 0 0 0 0 0 0 0
0 0 0 0 0 0 0 0 0 0 0 0 0 0 0 0 0 0 0 0 0 0 0 0 0 0 0 0 0 0
0 0 0 0 0 0 0 0 0 0 0 0 0 0 0 0 0 0 0 0 0 0 0 0 0 0 0 0 0 0
0 0 0 0 0 0 0 0 0 0 0 0 0 0 0 0 0 0 0 0 0 0 0 0 0 0 0 0 0 0
0 0 0 0 0 0 0 0 0 0 0 0 0 0 0 0 0 0 0 0 0 0 0 0 0 0 0 0 0 0
0 0 0 0 0 0 0 0 0 0 0 0 0 0 0 0 0 0 0 0 0 0 0 0 0 0 0 0 0 0
0 0 0 0 0 0 0 0 0 0 0 0 0 0 0 0 0 0 0 0 0 0 0 0 0 0 0 0 0 0
0 0 0 0 0 0 0 0 0 0 0 0 0 0 0 0 0 0 0 0 0 0 0 0 0 0 0 0 0 0
0 0 0 0 0 0 0 0 0 0 0 0 0 0 0 0 0 0 0 0 0 0 0 0 0 0 0 0 0 0

-- Channel 2 --
0 0 0 0 0 0 0 0 0 0 0 0 0 0 0 0 0 0 0 0 0 0 0 0 0 0 0 0 0 0
0 0 0 0 0 0 0 0 0 0 0 0 0 0 0 0 0 0 0 0 0 0 0 0 0 0 0 0 0 0
0 0 0 0 0 0 0 0 0 0 0 0 0 0 0 0 0 0 0 0 0 0 0 0 0 0 0 0 0 0
0 0 0 0 0 0 0 0 0 0 0 0 0 0 0 0 0 0 0 0 0 0 0 0 0 0 0 0 0 0
0 0 0 0 0 0 0 0 0 0 0 0 0 0 0 0 0 0 0 0 0 0 0 0 0 0 0 0 0 0
0 0 0 0 0 0 0 0 0 0 0 0 0 0 0 0 0 0 0 0 0 0 0 0 0 0 0 0 0 0
0 0 0 0 0 0 0 0 0 0 0 0 0 0 0 0 0 0 0 0 0 0 0 0 0 0 0 0 0 0
0 0 0 0 0 0 0 0 0 0 0 0 0 0 0 0 0 0 0 0 0 0 0 0 0 0 0 0 0 0
0 0 0 0 0 0 0 0 0 0 0 0 0 0 0 0 0 0 0 0 0 0 0 0 0 0 0 0 0 0
0 0 0 0 0 0 0 0 0 0 0 0 0 0 0 0 0 0 0 0 0 0 0 0 0 0 0 0 0 0
0 0 0 0 0 0 0 0 0 0 0 0 0 0 0 0 0 0 0 0 0 0 0 0 0 0 0 0 0 0
0 0 0 0 0 0 0 0 0 0 0 0 0 0 0 0 0 0 0 0 0 0 0 0 0 0 0 0 0 0
0 0 0 0 0 0 0 0 0 0 0 0 0 0 0 0 0 0 0 0 0 0 0 0 0 0 0 0 0 0
0 0 0 0 0 0 0 0 0 0 0 0 0 0 0 0 0 0 0 0 0 0 0 0 0 0 0 0 0 0
0 0 0 0 0 0 0 0 0 0 0 0 0 0 0 0 0 0 0 0 0 0 0 0 0 0 0 0 0 0
0 0 0 0 0 0 0 0 0 0 0 0 0 0 0 0 0 0 0 0 0 0 0 0 0 0 0 0 0 0
0 0 0 0 0 0 0 0 0 0 0 0 0 0 0 0 0 0 0 0 0 0 0 0 0 0 0 0 0 0
0 0 0 0 0 0 0 0 0 0 0 0 0 0 0 0 0 0 0 0 0 0 0 0 0 0 0 0 0 0
0 0 0 0 0 0 0 0 0 0 0 0 0 0 0 0 0 0 0 0 0 0 0 0 0 0 0 0 0 0
0 0 0 0 0 0 0 0 0 0 0 0 0 0 0 0 0 0 0 0 0 0 0 0 0 0 0 0 0 0
0 0 0 0 0 0 0 0 0 0 0 0 0 0 0 0 0 0 0 0 0 0 0 0 0 0 0 0 0 0
0 0 0 0 0 0 0 0 0 0 0 0 0 0 0 0 0 0 0 0 0 0 0 0 0 0 0 0 0 0
0 0 0 0 0 0 0 0 0 0 0 0 0 0 0 0 0 0 0 0 0 0 0 0 0 0 0 0 0 0
0 0 0 0 0 0 0 0 0 0 0 0 0 0 0 0 0 0 0 0 0 0 0 0 0 0 0 0 0 0
0 0 0 0 0 0 0 0 0 0 0 0 0 0 0 0 0 0 0 0 0 0 0 0 0 0 0 0 0 0
0 0 0 0 0 0 0 0 0 0 0 0 0 0 0 0 0 0 0 0 0 0 0 0 0 0 0 0 0 0
0 0 0 0 0 0 0 0 0 0 0 0 0 0 0 0 0 0 0 0 0 0 0 0 0 0 0 0 0 0
0 0 0 0 0 0 0 0 0 0 0 0 0 0 0 0 0 0 0 0 0 0 0 0 0 0 0 0 0 0
0 0 0 0 0 0 0 0 0 0 0 0 0 0 0 0 0 0 0 0 0 0 0 0 0 0 0 0 0 0
0 0 0 0 0 0 0 0 0 0 0 0 0 0 0 0 0 0 0 0 0 0 0 0 0 0 0 0 0 0

-- Channel 3 --
0 0 0 0 0 0 0 0 0 0 0 0 0 0 0 0 0 0 0 0 0 0 0 0 0 0 0 0 0 0
0 0 0 0 0 0 0 0 0 0 0 0 0 0 0 0 0 0 0 0 0 0 0 0 0 0 0 0 0 0
0 0 0 0 0 0 0 0 0 0 0 0 0 0 0 0 0 0 0 0 0 0 0 0 0 0 0 0 0 0
0 0 0 0 0 0 0 0 0 0 0 0 0 0 0 0 0 0 0 0 0 0 0 0 0 0 0 0 0 0
0 0 0 0 0 0 0 0 0 0 0 0 0 0 0 0 0 0 0 0 0 0 0 0 0 0 0 0 0 0
0 0 0 0 0 0 0 0 0 0 0 0 0 0 0 0 0 0 0 0 0 0 0 0 0 0 0 0 0 0
0 0 0 0 0 0 0 0 0 0 0 0 0 0 0 0 0 0 0 0 0 0 0 0 0 0 0 0 0 0
0 0 0 0 0 0 0 0 0 0 0 0 0 0 0 0 0 0 0 0 0 0 0 0 0 0 0 0 0 0
0 0 0 0 0 0 0 0 0 0 0 0 0 0 0 0 0 0 0 0 0 0 0 0 0 0 0 0 0 0
0 0 0 0 0 0 4 0 0 0 0 0 0 0 0 0 0 0 0 0 0 0 0 0 0 0 0 0 0 0
0 0 0 0 0 0 4 0 0 0 0 0 0 0 0 0 0 0 0 0 0 0 0 0 0 0 0 0 0 0
0 0 0 0 0 0 0 0 0 0 0 0 0 0 0 0 0 0 0 0 0 0 0 0 0 0 0 0 0 0
0 0 0 0 0 0 0 0 0 0 0 0 0 0 0 0 0 0 0 0 0 0 0 0 0 0 0 0 0 0
0 0 0 0 0 0 0 0 0 0 0 0 0 0 0 0 0 0 0 0 0 0 0 0 0 0 0 0 0 0
0 0 0 0 0 0 0 1 0 0 0 0 0 0 0 0 0 0 0 0 0 0 0 0 0 0 0 0 0 0
0 0 0 0 0 0 1 0 0 0 0 0 0 0 0 0 0 0 0 0 0 0 0 0 0 0 0 0 0 0
0 0 0 0 0 0 3 0 0 0 0 0 0 0 0 0 0 0 0 0 0 0 0 0 0 0 0 0 0 0
0 0 0 0 0 0 0 0 0 0 0 0 0 0 0 0 0 0 0 0 0 0 0 0 0 0 0 0 0 0
0 0 0 0 0 0 0 1 0 0 0 0 0 0 0 0 0 0 0 0 0 0 0 0 0 0 0 0 0 0
0 0 0 0 0 0 0 1 0 0 0 0 0 0 0 0 0 0 0 0 0 0 0 0 0 0 0 0 0 0
0 0 0 0 0 0 0 0 0 0 0 0 0 0 0 0 0 0 0 0 0 0 0 0 0 0 0 0 0 0
0 0 0 0 0 0 0 0 0 0 0 0 0 0 0 0 0 0 0 0 0 0 0 0 0 0 0 0 0 0
0 0 0 0 0 0 0 0 0 0 0 0 0 0 0 0 0 0 0 0 0 0 0 0 0 0 0 0 0 0
0 0 0 0 0 0 0 0 0 0 0 0 0 0 0 0 0 0 0 0 0 0 0 0 0 0 0 0 0 0
0 0 0 0 0 0 0 0 0 0 0 0 0 0 0 0 0 0 0 0 0 0 0 0 0 0 0 0 0 0
0 0 0 0 0 0 0 0 0 0 0 0 0 0 0 0 0 0 0 0 0 0 0 0 0 0 0 0 0 0
0 0 0 0 0 0 0 0 0 0 0 0 0 0 0 0 0 0 0 0 0 0 0 0 0 0 0 0 0 0
0 0 0 0 0 0 0 0 0 0 0 0 0 0 0 0 0 0 0 0 0 0 0 0 0 0 0 0 0 0
0 0 0 0 0 0 0 0 0 0 0 0 0 0 0 0 0 0 0 0 0 0 0 0 0 0 0 0 0 0
0 0 0 0 0 0 0 0 0 0 0 0 0 0 0 0 0 0 0 0 0 0 0 0 0 0 0 0 0 0

-- Channel 4 --
0 0 0 0 0 0 0 0 0 0 0 0 0 0 0 0 0 0 0 0 0 0 0 0 0 0 0 0 0 0
0 0 0 0 0 0 0 0 0 0 0 0 0 0 0 0 0 0 0 0 0 0 0 0 0 0 0 0 0 0
0 0 0 0 0 0 0 0 0 0 0 0 0 0 0 0 0 0 0 0 0 0 0 0 0 0 0 0 0 0
0 0 0 0 0 0 0 0 0 0 0 0 0 0 0 0 0 0 0 0 0 0 0 0 0 0 0 0 0 0
0 0 0 0 0 0 0 0 0 0 0 0 0 0 0 0 0 0 0 0 0 0 0 0 0 0 0 0 0 0
0 0 0 0 0 0 0 0 0 0 0 0 0 0 0 0 0 0 0 0 0 0 0 0 0 0 0 0 0 0
0 0 0 0 0 0 0 0 0 0 0 0 0 0 0 0 0 0 0 0 0 0 0 0 0 0 0 0 0 0
0 0 0 0 0 0 0 0 0 0 0 0 0 0 0 0 0 0 0 0 0 0 0 0 0 0 0 0 0 0
0 0 0 0 0 0 0 0 0 0 0 0 0 0 0 0 0 0 0 0 0 0 0 0 0 0 0 0 0 0
0 0 0 0 0 0 0 0 0 0 0 0 0 0 0 0 0 0 0 0 0 0 0 0 0 0 0 0 0 0
0 0 0 0 0 0 0 5 0 0 0 0 0 0 0 0 0 0 0 0 0 0 0 0 0 0 0 0 0 0
0 0 0 0 0 0 0 4 0 0 0 0 0 0 0 0 0 0 0 0 0 0 0 0 0 0 0 0 0 0
0 0 0 0 0 0 0 2 0 0 0 0 0 0 0 0 0 0 0 0 0 0 0 0 0 0 0 0 0 0
0 0 0 0 0 0 0 3 0 0 0 0 0 0 0 0 0 0 0 0 0 0 0 0 0 0 0 0 0 0
0 0 0 0 0 0 0 3 0 0 0 0 0 0 0 0 0 0 0 0 0 0 0 0 0 0 0 0 0 0
0 0 0 0 0 0 0 3 0 0 0 0 0 0 0 0 0 0 0 0 0 0 0 0 0 0 0 0 0 0
0 0 0 0 0 0 0 0 0 0 0 0 0 0 0 0 0 0 0 0 0 0 0 0 0 0 0 0 0 0
0 0 0 0 0 0 0 2 0 0 0 0 0 0 0 0 0 0 0 0 0 0 0 0 0 0 0 0 0 0
0 0 0 0 0 0 0 0 0 0 0 0 0 0 0 0 0 0 0 0 0 0 0 0 0 0 0 0 0 0
0 0 0 0 0 0 0 0 0 0 0 0 0 0 0 0 0 0 0 0 0 0 0 0 0 0 0 0 0 0
0 0 0 0 0 0 0 0 0 0 0 0 0 0 0 0 0 0 0 0 0 0 0 0 0 0 0 0 0 0
0 0 0 0 0 0 0 0 0 0 0 0 0 0 0 0 0 0 0 0 0 0 0 0 0 0 0 0 0 0
0 0 0 0 0 0 0 0 0 0 0 0 0 0 0 0 0 0 0 0 0 0 0 0 0 0 0 0 0 0
0 0 0 0 0 0 0 0 0 0 0 0 0 0 0 0 0 0 0 0 0 0 0 0 0 0 0 0 0 0
0 0 0 0 0 0 0 0 0 0 0 0 0 0 0 0 0 0 0 0 0 0 0 0 0 0 0 0 0 0
0 0 0 0 0 0 0 0 0 0 0 0 0 0 0 0 0 0 0 0 0 0 0 0 0 0 0 0 0 0
0 0 0 0 0 0 0 0 0 0 0 0 0 0 0 0 0 0 0 0 0 0 0 0 0 0 0 0 0 0
0 0 0 0 0 0 0 0 0 0 0 0 0 0 0 0 0 0 0 0 0 0 0 0 0 0 0 0 0 0
0 0 0 0 0 0 0 0 0 0 0 0 0 0 0 0 0 0 0 0 0 0 0 0 0 0 0 0 0 0
0 0 0 0 0 0 0 0 0 0 0 0 0 0 0 0 0 0 0 0 0 0 0 0 0 0 0 0 0 0

-- Channel 5 --
0 0 0 0 0 0 0 0 0 0 0 0 0 0 0 0 0 0 0 0 0 0 0 0 0 0 0 0 0 0
0 0 0 0 0 0 0 0 0 0 0 0 0 0 0 0 0 0 0 0 0 0 0 0 0 0 0 0 0 0
0 0 0 0 0 0 0 0 0 0 0 0 0 0 0 0 0 0 0 0 0 0 0 0 0 0 0 0 0 0
0 0 0 0 0 0 0 0 0 0 0 0 0 0 0 0 0 0 0 0 0 0 0 0 0 0 0 0 0 0
0 0 0 0 0 0 0 0 0 0 0 0 0 0 0 0 0 0 0 0 0 0 0 0 0 0 0 0 0 0
0 0 0 0 0 0 0 0 0 0 0 0 0 0 0 0 0 0 0 0 0 0 0 0 0 0 0 0 0 0
0 0 0 0 0 0 0 0 0 0 0 0 0 0 0 0 0 0 0 0 0 0 0 0 0 0 0 0 0 0
0 0 0 0 0 0 0 0 0 0 0 0 0 0 0 0 0 0 0 0 0 0 0 0 0 0 0 0 0 0
0 0 0 0 0 0 0 0 0 0 0 0 0 0 0 0 0 0 0 0 0 0 0 0 0 0 0 0 0 0
0 0 0 0 0 0 0 0 0 0 0 0 0 0 0 0 0 0 0 0 0 0 0 0 0 0 0 0 0 0
0 0 0 0 0 0 0 0 0 0 0 0 0 0 0 0 0 0 0 0 0 0 0 0 0 0 0 0 0 0
0 0 0 0 0 0 0 0 0 0 0 0 0 0 0 0 0 0 0 0 0 0 0 0 0 0 0 0 0 0
0 0 0 0 0 0 0 0 0 0 0 0 0 0 0 0 0 0 0 0 0 0 0 0 0 0 0 0 0 0
0 0 0 0 0 0 0 0 0 0 0 0 0 0 0 0 0 0 0 0 0 0 0 0 0 0 0 0 0 0
0 0 0 0 0 0 0 0 0 0 0 0 0 0 0 0 0 0 0 0 0 0 0 0 0 0 0 0 0 0
0 0 0 0 0 0 0 0 0 0 0 0 0 0 0 0 0 0 0 0 0 0 0 0 0 0 0 0 0 0
0 0 0 0 0 0 0 0 0 0 0 0 0 0 0 0 0 0 0 0 0 0 0 0 0 0 0 0 0 0
0 0 0 0 0 0 0 0 0 0 0 0 0 0 0 0 0 0 0 0 0 0 0 0 0 0 0 0 0 0
0 0 0 0 0 0 0 0 0 0 0 0 0 0 0 0 0 0 0 0 0 0 0 0 0 0 0 0 0 0
0 0 0 0 0 0 0 0 0 0 0 0 0 0 0 0 0 0 0 0 0 0 0 0 0 0 0 0 0 0
0 0 0 0 0 0 0 0 0 0 0 0 0 0 0 0 0 0 0 0 0 0 0 0 0 0 0 0 0 0
0 0 0 0 0 0 0 0 0 0 0 0 0 0 0 0 0 0 0 0 0 0 0 0 0 0 0 0 0 0
0 0 0 0 0 0 0 0 0 0 0 0 0 0 0 0 0 0 0 0 0 0 0 0 0 0 0 0 0 0
0 0 0 0 0 0 0 0 0 0 0 0 0 0 0 0 0 0 0 0 0 0 0 0 0 0 0 0 0 0
0 0 0 0 0 0 0 0 0 0 0 0 0 0 0 0 0 0 0 0 0 0 0 0 0 0 0 0 0 0
0 0 0 0 0 0 0 0 0 0 0 0 0 0 0 0 0 0 0 0 0 0 0 0 0 0 0 0 0 0
0 0 0 0 0 0 0 0 0 0 0 0 0 0 0 0 0 0 0 0 0 0 0 0 0 0 0 0 0 0
0 0 0 0 0 0 0 0 0 0 0 0 0 0 0 0 0 0 0 0 0 0 0 0 0 0 0 0 0 0
0 0 0 0 0 0 0 0 0 0 0 0 0 0 0 0 0 0 0 0 0 0 0 0 0 0 0 0 0 0
0 0 0 0 0 0 0 0 0 0 0 0 0 0 0 0 0 0 0 0 0 0 0 0 0 0 0 0 0 0

-- Channel 6 --
51 51 51 51 51 51 52 53 52 52 52 53 53 53 53 53 54 54 53 53 53 53 53 53 53 53 53 53 54 54
51 51 51 51 51 51 52 52 52 53 53 53 53 53 53 53 53 53 53 53 54 53 54 54 54 54 54 54 53 53
51 51 51 51 51 52 52 52 52 53 53 53 53 53 53 53 53 53 53 53 53 54 54 54 54 54 54 54 54 54
51 51 51 51 51 52 52 52 52 52 53 53 53 53 53 53 53 53 53 53 53 53 54 54 54 54 54 54 54 54
51 51 51 51 51 52 51 52 52 52 53 53 53 53 53 53 53 53 53 54 53 53 54 54 53 53 53 54 54 54
51 51 51 51 51 51 52 52 52 52 52 53 52 52 53 52 52 53 53 53 53 54 53 53 53 53 53 53 53 54
51 51 51 51 51 51 52 52 53 52 52 52 52 52 52 52 52 52 52 53 53 53 53 53 53 53 53 53 53 53
51 51 51 51 51 51 52 53 53 52 52 52 52 52 52 52 52 52 52 53 53 53 53 52 52 52 52 53 53 53
51 51 51 51 51 49 51 53 52 53 53 52 51 52 52 52 52 52 52 53 53 53 53 52 52 52 52 53 53 53
51 51 51 51 52 47 45 50 49 52 52 52 52 52 52 52 52 52 52 53 53 53 53 52 52 52 52 53 53 53
51 51 51 51 51 51 42 41 42 50 52 52 52 52 52 52 52 52 52 53 53 53 53 52 52 52 52 53 53 53
51 51 51 51 52 50 45 37 35 47 52 52 52 52 52 52 52 52 52 52 53 53 53 52 52 52 52 52 53 53
51 51 51 52 53 46 43 37 33 46 52 52 52 52 52 52 52 52 52 52 53 52 52 52 52 52 52 52 52 52
51 50 51 51 49 41 39 32 35 48 51 52 52 52 52 52 52 52 52 52 52 52 52 52 52 52 52 52 52 52
51 50 49 49 43 41 35 26 35 47 52 52 52 52 52 52 52 52 52 52 52 52 52 52 52 52 52 52 52 52
51 50 50 49 49 45 30 32 34 44 52 52 52 52 52 52 52 52 52 52 52 52 52 52 52 52 52 52 52 52
51 50 51 50 52 43 36 38 35 47 52 52 52 52 52 52 52 52 52 52 52 52 52 52 52 52 52 52 52 52
51 50 52 52 52 43 46 37 38 51 52 52 52 52 52 52 52 52 52 52 52 52 52 52 52 52 52 52 52 52
51 50 51 52 51 52 50 38 43 52 52 51 52 52 52 52 52 52 52 52 52 52 52 52 52 52 52 52 52 52
50 50 50 51 51 55 50 44 49 52 51 51 52 53 52 52 53 53 52 53 52 52 52 52 52 52 52 52 52 52
50 50 50 51 51 52 50 50 52 51 51 52 52 52 52 53 53 53 53 53 53 53 52 52 52 52 52 52 52 52
51 50 50 51 51 51 51 51 52 51 51 52 52 52 52 53 52 52 52 52 53 53 53 52 52 52 52 52 52 52
51 51 50 50 51 51 51 52 52 51 51 51 52 52 52 52 52 52 52 52 52 53 52 52 52 52 52 52 52 53
51 50 50 51 51 51 52 52 52 51 51 52 52 52 52 51 51 52 52 52 52 52 53 52 52 52 52 52 52 52
51 50 51 51 51 52 52 51 51 52 52 52 51 51 51 51 52 52 52 52 52 52 52 52 53 53 52 53 52 52
51 51 51 51 51 51 51 51 51 52 52 52 52 51 51 52 52 52 52 52 51 51 52 53 52 52 52 52 52 53
51 51 51 51 51 51 51 52 51 51 51 52 52 52 51 51 51 51 52 52 52 52 51 52 53 52 52 52 53 53
51 50 50 50 50 51 51 51 51 50 50 51 51 51 51 50 51 50 51 52 52 51 52 52 52 51 51 52 52 52
51 50 50 50 50 50 51 51 51 50 50 50 50 49 50 50 50 51 52 52 52 51 51 51 52 52 52 52 52 51
51 50 51 50 50 50 51 51 51 50 50 49 49 49 49 50 50 51 51 51 51 51 51 51 51 51 51 51 51 50

-- Channel 7 --
59 59 59 59 59 60 60 60 60 60 60 60 60 60 60 61 61 61 61 61 61 61 61 61 61 61 61 61 61 61
58 59 59 59 59 59 59 60 60 60 60 60 60 60 60 60 60 60 60 60 61 60 61 61 61 61 61 61 61 61
59 59 59 59 59 59 60 60 60 60 60 60 60 60 60 60 60 60 60 60 61 61 61 61 61 61 61 61 61 61
59 59 59 59 59 59 60 60 60 60 60 60 60 60 60 60 60 60 60 60 61 61 61 61 61 61 61 61 61 61
59 59 59 59 59 59 59 60 60 60 60 60 60 60 60 60 60 60 61 61 61 61 61 61 61 61 61 61 61 61
59 59 59 59 59 59 59 59 60 60 60 60 60 60 60 60 60 60 61 61 62 61 61 61 61 61 61 61 61 61
59 58 59 59 59 59 59 60 60 60 60 60 60 60 60 60 60 60 61 61 61 61 61 61 61 61 61 61 61 61
59 58 59 59 59 59 59 59 60 59 60 60 60 60 60 60 60 60 61 61 61 61 61 61 61 61 61 61 61 61
59 59 59 59 59 57 58 59 59 59 60 60 60 60 60 60 60 60 61 61 61 61 61 61 61 61 61 61 61 61
59 59 59 59 60 54 50 56 57 59 60 60 60 60 60 60 60 60 61 61 61 61 61 61 61 61 61 61 61 61
59 59 59 59 60 54 45 51 54 58 60 60 60 60 60 60 60 60 61 61 61 61 61 61 61 61 61 61 61 61
59 59 59 59 60 54 45 54 51 57 60 60 60 60 60 60 60 60 61 60 61 61 61 61 61 61 61 61 61 61
59 59 59 59 60 53 41 56 52 56 60 60 60 60 60 60 60 60 60 60 60 60 60 61 61 61 61 61 61 61
59 58 58 58 59 49 40 52 53 56 59 60 60 60 60 60 60 60 60 60 60 60 61 61 61 61 61 61 61 61
59 59 58 59 55 46 40 48 48 55 60 60 60 60 60 60 60 60 60 60 60 60 61 61 61 61 61 61 61 61
59 59 59 59 58 46 40 50 49 55 60 60 60 60 60 60 60 60 60 60 60 60 61 61 61 61 61 61 61 61
59 59 59 59 57 52 46 51 57 58 60 60 60 60 60 60 60 60 60 60 60 61 61 61 61 61 61 61 61 61
59 59 58 59 60 49 42 56 56 59 60 60 60 60 60 60 60 60 60 60 61 61 61 61 61 61 61 61 61 61
59 59 58 58 60 49 49 63 57 59 60 60 60 60 60 60 60 60 60 60 61 61 61 61 61 61 61 61 61 61
59 59 59 58 59 52 61 65 57 60 60 60 60 60 60 60 60 60 60 61 61 61 61 61 60 60 60 61 61 60
59 59 59 59 59 57 63 61 59 60 60 60 60 60 61 61 61 61 61 61 61 61 61 61 61 61 61 61 61 61
59 59 59 59 59 59 59 59 59 60 60 60 60 61 61 61 61 61 61 61 61 61 61 61 61 60 60 60 61 60
59 59 59 59 59 59 59 60 60 60 60 60 60 61 61 61 61 61 61 62 62 62 61 61 61 61 61 61 61 61
59 59 59 59 59 59 59 60 60 60 60 60 60 60 61 60 61 61 61 62 62 62 62 62 61 61 60 60 61 61
59 59 59 59 59 60 60 60 60 60 60 60 60 61 61 61 62 62 63 63 63 63 62 62 61 61 61 61 61 61
59 59 59 59 59 60 60 60 61 60 61 61 61 61 62 61 63 63 64 64 63 62 61 60 61 61 61 61 61 62
59 59 59 59 59 60 60 61 61 61 62 63 62 63 63 62 63 63 64 63 62 61 61 61 61 61 60 61 62 62
59 59 59 59 59 60 60 61 61 61 62 63 63 65 64 63 63 62 62 61 61 61 61 62 62 61 61 61 61 62
59 60 59 60 59 60 61 61 61 61 62 63 64 64 64 63 62 61 61 60 60 61 61 62 63 63 63 62 63 62
59 59 60 60 59 60 60 61 62 62 63 64 64 64 63 62 61 60 61 61 62 61 62 63 63 64 64 64 63 63

