Output of ReLU quantized (shape: (1, 8, 30, 30)):

=== Batch 0 ===
-- Channel 0 --
0.09921265 0.098236084 0.09413147 0.09744263 0.097229004 0.09715271 0.09925842 0.09812927 0.09921265 0.100250244 0.10044861 0.10101318 0.10316467 0.100860596 0.10038757 0.10362244 0.10418701 0.10418701 0.10194397 0.1038208 0.1035614 0.1035614 0.1035614 0.1035614 0.1035614 0.1035614 0.1035614 0.1035614 0.10255432 0.10232544
0.09718323 0.09399414 0.09246826 0.09263611 0.093444824 0.095962524 0.09555054 0.09516907 0.09762573 0.09988403 0.098968506 0.09976196 0.09945679 0.09793091 0.09725952 0.100616455 0.101364136 0.101364136 0.101364136 0.101364136 0.09994507 0.10067749 0.10090637 0.10090637 0.10090637 0.10090637 0.10090637 0.10090637 0.09765625 0.09921265
0.09719849 0.09277344 0.09489441 0.09661865 0.09617615 0.09597778 0.094329834 0.09577942 0.09907532 0.09951782 0.10043335 0.10157776 0.098236084 0.100357056 0.1020813 0.101638794 0.101989746 0.101989746 0.101989746 0.101989746 0.098724365 0.10168457 0.10310364 0.10310364 0.10310364 0.10310364 0.10310364 0.10310364 0.100860596 0.10273743
0.09719849 0.090530396 0.09536743 0.0965271 0.0965271 0.09597778 0.09208679 0.09765625 0.09881592 0.09881592 0.10139465 0.1005249 0.09599304 0.10083008 0.101989746 0.101989746 0.101989746 0.101989746 0.101989746 0.101989746 0.09648132 0.10131836 0.10247803 0.10247803 0.10247803 0.10247803 0.10247803 0.10247803 0.10247803 0.10247803
0.09719849 0.09194946 0.09463501 0.09629822 0.0965271 0.09492493 0.093307495 0.09895325 0.09976196 0.09881592 0.10058594 0.09944153 0.094955444 0.09991455 0.10121155 0.10093689 0.10105896 0.10121155 0.09953308 0.10083008 0.09806824 0.10154724 0.10203552 0.101882935 0.102508545 0.102508545 0.102508545 0.10295105 0.10310364 0.10247803
0.09719849 0.09379578 0.09240723 0.09510803 0.0965271 0.09373474 0.09515381 0.098220825 0.0980072 0.09913635 0.09907532 0.097961426 0.0947876 0.09814453 0.096832275 0.09701538 0.0978241 0.099121094 0.097961426 0.1000061 0.09844971 0.10133362 0.10021973 0.09877014 0.09838867 0.09838867 0.09838867 0.099243164 0.10069275 0.10107422
0.09719849 0.09603882 0.090530396 0.09536743 0.0965271 0.09465027 0.09837341 0.09899902 0.099609375 0.099624634 0.10058594 0.0980072 0.09272766 0.09643555 0.097595215 0.09855652 0.09609985 0.0962677 0.094070435 0.0978241 0.100234985 0.10058594 0.101135254 0.09951782 0.0987854 0.0987854 0.0987854 0.098236084 0.099853516 0.10058594
0.09719849 0.09603882 0.090530396 0.09536743 0.0965271 0.095840454 0.09648132 0.099624634 0.098968506 0.10095215 0.10211182 0.09925842 0.09150696 0.096343994 0.09750366 0.09750366 0.09750366 0.09750366 0.09144592 0.09790039 0.09979248 0.09979248 0.1003418 0.098724365 0.09799194 0.09799194 0.09799194 0.09744263 0.09906006 0.09979248
0.09577942 0.09535217 0.0914917 0.09559631 0.09510803 0.10494995 0.09687805 0.089904785 0.099853516 0.10165405 0.100738525 0.09843445 0.09246826 0.096572876 0.09750366 0.09750366 0.09750366 0.09750366 0.09144592 0.09790039 0.09979248 0.09979248 0.1003418 0.098724365 0.09799194 0.09799194 0.09799194 0.09744263 0.09906006 0.09979248
0.093933105 0.09573364 0.09490967 0.0967865 0.09184265 0.12568665 0.105407715 0.047088623 0.08023071 0.10057068 0.09869385 0.097976685 0.09588623 0.09776306 0.09750366 0.09750366 0.09750366 0.09750366 0.09144592 0.09790039 0.09979248 0.09979248 0.1003418 0.098724365 0.09799194 0.09799194 0.09799194 0.09744263 0.09906006 0.09979248
0.09169006 0.09536743 0.0965271 0.0965271 0.08961487 0.14401245 0.13237 0.0 0.035705566 0.09106445 0.09484863 0.09825134 0.09750366 0.09750366 0.09750366 0.09750366 0.09750366 0.09750366 0.09100342 0.0977478 0.10041809 0.09979248 0.1003418 0.098724365 0.09799194 0.09799194 0.09799194 0.09744263 0.09906006 0.09979248
0.09169006 0.09536743 0.09741211 0.097717285 0.08868408 0.14395142 0.18286133 0.0 0.0030059814 0.08078003 0.09353638 0.09715271 0.09750366 0.09750366 0.09750366 0.09750366 0.09750366 0.09750366 0.092453 0.09729004 0.099243164 0.100250244 0.09938049 0.09849548 0.09799194 0.09799194 0.09799194 0.09700012 0.098464966 0.099823
0.09124756 0.09477234 0.0978241 0.09976196 0.08982849 0.13215637 0.20133972 0.0 0.0 0.08137512 0.09388733 0.0970459 0.09750366 0.09750366 0.09750366 0.09750366 0.09750366 0.09750366 0.09567261 0.09744263 0.098358154 0.09870911 0.09643555 0.09793091 0.09799194 0.09799194 0.09799194 0.096588135 0.09675598 0.09710693
0.09083557 0.09112549 0.09005737 0.09037781 0.08404541 0.15184021 0.17817688 0.0 0.0039978027 0.08558655 0.09310913 0.096191406 0.09750366 0.09750366 0.09750366 0.09750366 0.09750366 0.09750366 0.09609985 0.0962677 0.09661865 0.09661865 0.09251404 0.09718323 0.09799194 0.09799194 0.09799194 0.09799194 0.09799194 0.09799194
0.09223938 0.090789795 0.08822632 0.079696655 0.09388733 0.1645813 0.12756348 0.0 0.0 0.06561279 0.09361267 0.09854126 0.09750366 0.09750366 0.09750366 0.09750366 0.09750366 0.09750366 0.09750366 0.09750366 0.09750366 0.09750366 0.09199524 0.096832275 0.09799194 0.09799194 0.09799194 0.09799194 0.09799194 0.09799194
0.09223938 0.09580994 0.09628296 0.08506775 0.11135864 0.1489563 0.10845947 0.0 0.0 0.051498413 0.09371948 0.09928894 0.09750366 0.09750366 0.09750366 0.09750366 0.09750366 0.09750366 0.09750366 0.09750366 0.096084595 0.09681702 0.09295654 0.09706116 0.09799194 0.09799194 0.09799194 0.09799194 0.09799194 0.09799194
0.09223938 0.09642029 0.10202026 0.09942627 0.1255951 0.1574707 0.16671753 0.0 0.0 0.075302124 0.09712219 0.09631348 0.09750366 0.09750366 0.09750366 0.09750366 0.09750366 0.09750366 0.09750366 0.09750366 0.09423828 0.09719849 0.09637451 0.09825134 0.09799194 0.09799194 0.09799194 0.09799194 0.09799194 0.09799194
0.09223938 0.091812134 0.09617615 0.10545349 0.0995636 0.18486023 0.18057251 0.0 0.012786865 0.091049194 0.09333801 0.096466064 0.09750366 0.09750366 0.09750366 0.09750366 0.09750366 0.09750366 0.09750366 0.09750366 0.09199524 0.096832275 0.09799194 0.09799194 0.09799194 0.09799194 0.09799194 0.09799194 0.09799194 0.09799194
0.09164429 0.08947754 0.08879089 0.095840454 0.09182739 0.20718384 0.1210022 0.0 0.062210083 0.097213745 0.091537476 0.09642029 0.09794617 0.098098755 0.097473145 0.097473145 0.097473145 0.097473145 0.09642029 0.09727478 0.093551636 0.09738159 0.09799194 0.09799194 0.09799194 0.09799194 0.09799194 0.09799194 0.09799194 0.09799194
0.09425354 0.09335327 0.09132385 0.089660645 0.09049988 0.17752075 0.08190918 0.033111572 0.09187317 0.09515381 0.09458923 0.09654236 0.09791565 0.09779358 0.10139465 0.1010437 0.09913635 0.099990845 0.09916687 0.09902954 0.09724426 0.09899902 0.09751892 0.09692383 0.09739685 0.09802246 0.098464966 0.09861755 0.09799194 0.09941101
0.094696045 0.092926025 0.0927124 0.09098816 0.094070435 0.11991882 0.08679199 0.08798218 0.09370422 0.0927124 0.094329834 0.096328735 0.09609985 0.09300232 0.09857178 0.09906006 0.09768677 0.09843445 0.09701538 0.0957489 0.099853516 0.10108948 0.101257324 0.09881592 0.09628296 0.09527588 0.095687866 0.09698486 0.09799194 0.09983826
0.09588623 0.09286499 0.092285156 0.09390259 0.095214844 0.09565735 0.096221924 0.0954895 0.09666443 0.092056274 0.09428406 0.09617615 0.097976685 0.09262085 0.09686279 0.09603882 0.09513855 0.09674072 0.098098755 0.09501648 0.096343994 0.09806824 0.10070801 0.09988403 0.09880066 0.09844971 0.09890747 0.09849548 0.09799194 0.100234985
0.09539795 0.08947754 0.09161377 0.09498596 0.09565735 0.096221924 0.0954895 0.09480286 0.09617615 0.09364319 0.09454346 0.095062256 0.095199585 0.09098816 0.094955444 0.095581055 0.09512329 0.09535217 0.09623718 0.09327698 0.095443726 0.09693909 0.10069275 0.09693909 0.0978241 0.09680176 0.09991455 0.09902954 0.09799194 0.096572876
0.09516907 0.09202576 0.094940186 0.095214844 0.096221924 0.0954895 0.09666443 0.09333801 0.093551636 0.096450806 0.09706116 0.09577942 0.09690857 0.09124756 0.09429932 0.0974884 0.09336853 0.090164185 0.09133911 0.09109497 0.092803955 0.09260559 0.09942627 0.1000824 0.10119629 0.09954834 0.10202026 0.09841919 0.09613037 0.0953064
0.09300232 0.093063354 0.09477234 0.096069336 0.09611511 0.09480286 0.09573364 0.09434509 0.09291077 0.09820557 0.094436646 0.09188843 0.09371948 0.08782959 0.09039307 0.097732544 0.09056091 0.08596802 0.090911865 0.09094238 0.09176636 0.09512329 0.10258484 0.105041504 0.102752686 0.09844971 0.101135254 0.097579956 0.09590149 0.09437561
0.09286499 0.093811035 0.095214844 0.09422302 0.095687866 0.09336853 0.09466553 0.09312439 0.09120178 0.09442139 0.09269714 0.09144592 0.096343994 0.08895874 0.0900116 0.0978241 0.086761475 0.08691406 0.09220886 0.09442139 0.097351074 0.09811401 0.09805298 0.10418701 0.10105896 0.09770203 0.097717285 0.09729004 0.097076416 0.09687805
0.09391785 0.09295654 0.09359741 0.09284973 0.09352112 0.08963013 0.093185425 0.09265137 0.09056091 0.09133911 0.089035034 0.08459473 0.09039307 0.08508301 0.08735657 0.0952301 0.088272095 0.087753296 0.0952301 0.106033325 0.106292725 0.09895325 0.09346008 0.094833374 0.09762573 0.096328735 0.095703125 0.09614563 0.09385681 0.09391785
0.094955444 0.09239197 0.09324646 0.09251404 0.09286499 0.08888245 0.0897522 0.09182739 0.092300415 0.087005615 0.084243774 0.08065796 0.08564758 0.080963135 0.08732605 0.09429932 0.08822632 0.091796875 0.099472046 0.10940552 0.103256226 0.097854614 0.09094238 0.08850098 0.095214844 0.09516907 0.09310913 0.09197998 0.092453 0.09295654
0.091812134 0.09043884 0.09341431 0.08943176 0.09031677 0.08811951 0.08708191 0.088897705 0.09020996 0.08648682 0.078048706 0.07244873 0.078948975 0.082595825 0.091812134 0.09512329 0.09364319 0.09802246 0.09744263 0.09980774 0.097335815 0.09387207 0.087875366 0.08331299 0.088897705 0.09307861 0.089904785 0.08772278 0.08798218 0.08892822
0.09631348 0.09501648 0.09437561 0.09422302 0.092559814 0.0901947 0.09020996 0.08644104 0.08747864 0.08728027 0.0778656 0.07463074 0.08152771 0.09069824 0.09474182 0.09883118 0.0995636 0.101501465 0.09428406 0.095199585 0.09440613 0.09375 0.092453 0.086135864 0.087890625 0.09062195 0.08892822 0.091918945 0.08848572 0.08874512

-- Channel 1 --
0.0 0.0 0.0 0.0 0.0 0.0 0.0 0.0 0.0 0.0 0.0 0.0 0.0 0.0 0.0 0.0 0.0 0.0 0.0 0.0 0.0 0.0 0.0 0.0 0.0 0.0 0.0 0.0 0.0 0.0
0.0 0.0 0.0 0.0 0.0 0.0 0.0 0.0 0.0 0.0 0.0 0.0 0.0 0.0 0.0 0.0 0.0 0.0 0.0 0.0 0.0 0.0 0.0 0.0 0.0 0.0 0.0 0.0 0.0 0.0
0.0 0.0 0.0 0.0 0.0 0.0 0.0 0.0 0.0 0.0 0.0 0.0 0.0 0.0 0.0 0.0 0.0 0.0 0.0 0.0 0.0 0.0 0.0 0.0 0.0 0.0 0.0 0.0 0.0 0.0
0.0 0.0 0.0 0.0 0.0 0.0 0.0 0.0 0.0 0.0 0.0 0.0 0.0 0.0 0.0 0.0 0.0 0.0 0.0 0.0 0.0 0.0 0.0 0.0 0.0 0.0 0.0 0.0 0.0 0.0
0.0 0.0 0.0 0.0 0.0 0.0 0.0 0.0 0.0 0.0 0.0 0.0 0.0 0.0 0.0 0.0 0.0 0.0 0.0 0.0 0.0 0.0 0.0 0.0 0.0 0.0 0.0 0.0 0.0 0.0
0.0 0.0 0.0 0.0 0.0 0.0 0.0 0.0 0.0 0.0 0.0 0.0 0.0 0.0 0.0 0.0 0.0 0.0 0.0 0.0 0.0 0.0 0.0 0.0 0.0 0.0 0.0 0.0 0.0 0.0
0.0 0.0 0.0 0.0 0.0 0.0 0.0 0.0 0.0 0.0 0.0 0.0 0.0 0.0 0.0 0.0 0.0 0.0 0.0 0.0 0.0 0.0 0.0 0.0 0.0 0.0 0.0 0.0 0.0 0.0
0.0 0.0 0.0 0.0 0.0 0.0 0.0 0.0 0.0 0.0 0.0 0.0 0.0 0.0 0.0 0.0 0.0 0.0 0.0 0.0 0.0 0.0 0.0 0.0 0.0 0.0 0.0 0.0 0.0 0.0
0.0 0.0 0.0 0.0 0.0 0.0 0.0 0.0 0.0 0.0 0.0 0.0 0.0 0.0 0.0 0.0 0.0 0.0 0.0 0.0 0.0 0.0 0.0 0.0 0.0 0.0 0.0 0.0 0.0 0.0
0.0 0.0 0.0 0.0 0.0 0.0 0.0 0.0 0.0 0.0 0.0 0.0 0.0 0.0 0.0 0.0 0.0 0.0 0.0 0.0 0.0 0.0 0.0 0.0 0.0 0.0 0.0 0.0 0.0 0.0
0.0 0.0 0.0 0.0 0.0 0.0 0.0 0.0 0.0 0.0 0.0 0.0 0.0 0.0 0.0 0.0 0.0 0.0 0.0 0.0 0.0 0.0 0.0 0.0 0.0 0.0 0.0 0.0 0.0 0.0
0.0 0.0 0.0 0.0 0.0 0.0 0.0 0.0 0.0 0.0 0.0 0.0 0.0 0.0 0.0 0.0 0.0 0.0 0.0 0.0 0.0 0.0 0.0 0.0 0.0 0.0 0.0 0.0 0.0 0.0
0.0 0.0 0.0 0.0 0.0 0.0 0.0 0.0 0.0 0.0 0.0 0.0 0.0 0.0 0.0 0.0 0.0 0.0 0.0 0.0 0.0 0.0 0.0 0.0 0.0 0.0 0.0 0.0 0.0 0.0
0.0 0.0 0.0 0.0 0.0 0.0 0.0 0.0 0.0 0.0 0.0 0.0 0.0 0.0 0.0 0.0 0.0 0.0 0.0 0.0 0.0 0.0 0.0 0.0 0.0 0.0 0.0 0.0 0.0 0.0
0.0 0.0 0.0 0.0 0.0 0.0 0.0 0.0 0.0 0.0 0.0 0.0 0.0 0.0 0.0 0.0 0.0 0.0 0.0 0.0 0.0 0.0 0.0 0.0 0.0 0.0 0.0 0.0 0.0 0.0
0.0 0.0 0.0 0.0 0.0 0.0 0.0 0.0 0.0 0.0 0.0 0.0 0.0 0.0 0.0 0.0 0.0 0.0 0.0 0.0 0.0 0.0 0.0 0.0 0.0 0.0 0.0 0.0 0.0 0.0
0.0 0.0 0.0 0.0 0.0 0.0 0.0 0.0 0.0 0.0 0.0 0.0 0.0 0.0 0.0 0.0 0.0 0.0 0.0 0.0 0.0 0.0 0.0 0.0 0.0 0.0 0.0 0.0 0.0 0.0
0.0 0.0 0.0 0.0 0.0 0.0 0.0 0.0 0.0 0.0 0.0 0.0 0.0 0.0 0.0 0.0 0.0 0.0 0.0 0.0 0.0 0.0 0.0 0.0 0.0 0.0 0.0 0.0 0.0 0.0
0.0 0.0 0.0 0.0 0.0 0.0 0.0 0.0 0.0 0.0 0.0 0.0 0.0 0.0 0.0 0.0 0.0 0.0 0.0 0.0 0.0 0.0 0.0 0.0 0.0 0.0 0.0 0.0 0.0 0.0
0.0 0.0 0.0 0.0 0.0 0.0 0.0 0.0 0.0 0.0 0.0 0.0 0.0 0.0 0.0 0.0 0.0 0.0 0.0 0.0 0.0 0.0 0.0 0.0 0.0 0.0 0.0 0.0 0.0 0.0
0.0 0.0 0.0 0.0 0.0 0.0 0.0 0.0 0.0 0.0 0.0 0.0 0.0 0.0 0.0 0.0 0.0 0.0 0.0 0.0 0.0 0.0 0.0 0.0 0.0 0.0 0.0 0.0 0.0 0.0
0.0 0.0 0.0 0.0 0.0 0.0 0.0 0.0 0.0 0.0 0.0 0.0 0.0 0.0 0.0 0.0 0.0 0.0 0.0 0.0 0.0 0.0 0.0 0.0 0.0 0.0 0.0 0.0 0.0 0.0
0.0 0.0 0.0 0.0 0.0 0.0 0.0 0.0 0.0 0.0 0.0 0.0 0.0 0.0 0.0 0.0 0.0 0.0 0.0 0.0 0.0 0.0 0.0 0.0 0.0 0.0 0.0 0.0 0.0 0.0
0.0 0.0 0.0 0.0 0.0 0.0 0.0 0.0 0.0 0.0 0.0 0.0 0.0 0.0 0.0 0.0 0.0 0.0 0.0 0.0 0.0 0.0 0.0 0.0 0.0 0.0 0.0 0.0 0.0 0.0
0.0 0.0 0.0 0.0 0.0 0.0 0.0 0.0 0.0 0.0 0.0 0.0 0.0 0.0 0.0 0.0 0.0 0.0 0.0 0.0 0.0 0.0 0.0 0.0 0.0 0.0 0.0 0.0 0.0 0.0
0.0 0.0 0.0 0.0 0.0 0.0 0.0 0.0 0.0 0.0 0.0 0.0 0.0 0.0 0.0 0.0 0.0 0.0 0.0 0.0 0.0 0.0 0.0 0.0 0.0 0.0 0.0 0.0 0.0 0.0
0.0 0.0 0.0 0.0 0.0 0.0 0.0 0.0 0.0 0.0 0.0 0.0 0.0 0.0 0.0 0.0 0.0 0.0 0.0 0.0 0.0 0.0 0.0 0.0 0.0 0.0 0.0 0.0 0.0 0.0
0.0 0.0 0.0 0.0 0.0 0.0 0.0 0.0 0.0 0.0 0.0 0.0 0.0 0.0 0.0 0.0 0.0 0.0 0.0 0.0 0.0 0.0 0.0 0.0 0.0 0.0 0.0 0.0 0.0 0.0
0.0 0.0 0.0 0.0 0.0 0.0 0.0 0.0 0.0 0.0 0.0 0.0 0.0 0.0 0.0 0.0 0.0 0.0 0.0 0.0 0.0 0.0 0.0 0.0 0.0 0.0 0.0 0.0 0.0 0.0
0.0 0.0 0.0 0.0 0.0 0.0 0.0 0.0 0.0 0.0 0.0 0.0 0.0 0.0 0.0 0.0 0.0 0.0 0.0 0.0 0.0 0.0 0.0 0.0 0.0 0.0 0.0 0.0 0.0 0.0

-- Channel 2 --
0.0 0.0 0.0 0.0 0.0 0.0 0.0 0.0 0.0 0.0 0.0 0.0 0.0 0.0 0.0 0.0 0.0 0.0 0.0 0.0 0.0 0.0 0.0 0.0 0.0 0.0 0.0 0.0 0.0 0.0
0.0 0.0 0.0 0.0 0.0 0.0 0.0 0.0 0.0 0.0 0.0 0.0 0.0 0.0 0.0 0.0 0.0 0.0 0.0 0.0 0.0 0.0 0.0 0.0 0.0 0.0 0.0 0.0 0.0 0.0
0.0 0.0 0.0 0.0 0.0 0.0 0.0 0.0 0.0 0.0 0.0 0.0 0.0 0.0 0.0 0.0 0.0 0.0 0.0 0.0 0.0 0.0 0.0 0.0 0.0 0.0 0.0 0.0 0.0 0.0
0.0 0.0 0.0 0.0 0.0 0.0 0.0 0.0 0.0 0.0 0.0 0.0 0.0 0.0 0.0 0.0 0.0 0.0 0.0 0.0 0.0 0.0 0.0 0.0 0.0 0.0 0.0 0.0 0.0 0.0
0.0 0.0 0.0 0.0 0.0 0.0 0.0 0.0 0.0 0.0 0.0 0.0 0.0 0.0 0.0 0.0 0.0 0.0 0.0 0.0 0.0 0.0 0.0 0.0 0.0 0.0 0.0 0.0 0.0 0.0
0.0 0.0 0.0 0.0 0.0 0.0 0.0 0.0 0.0 0.0 0.0 0.0 0.0 0.0 0.0 0.0 0.0 0.0 0.0 0.0 0.0 0.0 0.0 0.0 0.0 0.0 0.0 0.0 0.0 0.0
0.0 0.0 0.0 0.0 0.0 0.0 0.0 0.0 0.0 0.0 0.0 0.0 0.0 0.0 0.0 0.0 0.0 0.0 0.0 0.0 0.0 0.0 0.0 0.0 0.0 0.0 0.0 0.0 0.0 0.0
0.0 0.0 0.0 0.0 0.0 0.0 0.0 0.0 0.0 0.0 0.0 0.0 0.0 0.0 0.0 0.0 0.0 0.0 0.0 0.0 0.0 0.0 0.0 0.0 0.0 0.0 0.0 0.0 0.0 0.0
0.0 0.0 0.0 0.0 0.0 0.0 0.0 0.0 0.0 0.0 0.0 0.0 0.0 0.0 0.0 0.0 0.0 0.0 0.0 0.0 0.0 0.0 0.0 0.0 0.0 0.0 0.0 0.0 0.0 0.0
0.0 0.0 0.0 0.0 0.0 0.0 0.0 0.0 0.0 0.0 0.0 0.0 0.0 0.0 0.0 0.0 0.0 0.0 0.0 0.0 0.0 0.0 0.0 0.0 0.0 0.0 0.0 0.0 0.0 0.0
0.0 0.0 0.0 0.0 0.0 0.0 0.0 0.0 0.0 0.0 0.0 0.0 0.0 0.0 0.0 0.0 0.0 0.0 0.0 0.0 0.0 0.0 0.0 0.0 0.0 0.0 0.0 0.0 0.0 0.0
0.0 0.0 0.0 0.0 0.0 0.0 0.0 0.0 0.0 0.0 0.0 0.0 0.0 0.0 0.0 0.0 0.0 0.0 0.0 0.0 0.0 0.0 0.0 0.0 0.0 0.0 0.0 0.0 0.0 0.0
0.0 0.0 0.0 0.0 0.0 0.0 0.0 0.0 0.0 0.0 0.0 0.0 0.0 0.0 0.0 0.0 0.0 0.0 0.0 0.0 0.0 0.0 0.0 0.0 0.0 0.0 0.0 0.0 0.0 0.0
0.0 0.0 0.0 0.0 0.0 0.0 0.0 0.0 0.0 0.0 0.0 0.0 0.0 0.0 0.0 0.0 0.0 0.0 0.0 0.0 0.0 0.0 0.0 0.0 0.0 0.0 0.0 0.0 0.0 0.0
0.0 0.0 0.0 0.0 0.0 0.0 0.0 0.0 0.0 0.0 0.0 0.0 0.0 0.0 0.0 0.0 0.0 0.0 0.0 0.0 0.0 0.0 0.0 0.0 0.0 0.0 0.0 0.0 0.0 0.0
0.0 0.0 0.0 0.0 0.0 0.0 0.0 0.0 0.0 0.0 0.0 0.0 0.0 0.0 0.0 0.0 0.0 0.0 0.0 0.0 0.0 0.0 0.0 0.0 0.0 0.0 0.0 0.0 0.0 0.0
0.0 0.0 0.0 0.0 0.0 0.0 0.0 0.0 0.0 0.0 0.0 0.0 0.0 0.0 0.0 0.0 0.0 0.0 0.0 0.0 0.0 0.0 0.0 0.0 0.0 0.0 0.0 0.0 0.0 0.0
0.0 0.0 0.0 0.0 0.0 0.0 0.0 0.0 0.0 0.0 0.0 0.0 0.0 0.0 0.0 0.0 0.0 0.0 0.0 0.0 0.0 0.0 0.0 0.0 0.0 0.0 0.0 0.0 0.0 0.0
0.0 0.0 0.0 0.0 0.0 0.0 0.0 0.0 0.0 0.0 0.0 0.0 0.0 0.0 0.0 0.0 0.0 0.0 0.0 0.0 0.0 0.0 0.0 0.0 0.0 0.0 0.0 0.0 0.0 0.0
0.0 0.0 0.0 0.0 0.0 0.0 0.0 0.0 0.0 0.0 0.0 0.0 0.0 0.0 0.0 0.0 0.0 0.0 0.0 0.0 0.0 0.0 0.0 0.0 0.0 0.0 0.0 0.0 0.0 0.0
0.0 0.0 0.0 0.0 0.0 0.0 0.0 0.0 0.0 0.0 0.0 0.0 0.0 0.0 0.0 0.0 0.0 0.0 0.0 0.0 0.0 0.0 0.0 0.0 0.0 0.0 0.0 0.0 0.0 0.0
0.0 0.0 0.0 0.0 0.0 0.0 0.0 0.0 0.0 0.0 0.0 0.0 0.0 0.0 0.0 0.0 0.0 0.0 0.0 0.0 0.0 0.0 0.0 0.0 0.0 0.0 0.0 0.0 0.0 0.0
0.0 0.0 0.0 0.0 0.0 0.0 0.0 0.0 0.0 0.0 0.0 0.0 0.0 0.0 0.0 0.0 0.0 0.0 0.0 0.0 0.0 0.0 0.0 0.0 0.0 0.0 0.0 0.0 0.0 0.0
0.0 0.0 0.0 0.0 0.0 0.0 0.0 0.0 0.0 0.0 0.0 0.0 0.0 0.0 0.0 0.0 0.0 0.0 0.0 0.0 0.0 0.0 0.0 0.0 0.0 0.0 0.0 0.0 0.0 0.0
0.0 0.0 0.0 0.0 0.0 0.0 0.0 0.0 0.0 0.0 0.0 0.0 0.0 0.0 0.0 0.0 0.0 0.0 0.0 0.0 0.0 0.0 0.0 0.0 0.0 0.0 0.0 0.0 0.0 0.0
0.0 0.0 0.0 0.0 0.0 0.0 0.0 0.0 0.0 0.0 0.0 0.0 0.0 0.0 0.0 0.0 0.0 0.0 0.0 0.0 0.0 0.0 0.0 0.0 0.0 0.0 0.0 0.0 0.0 0.0
0.0 0.0 0.0 0.0 0.0 0.0 0.0 0.0 0.0 0.0 0.0 0.0 0.0 0.0 0.0 0.0 0.0 0.0 0.0 0.0 0.0 0.0 0.0 0.0 0.0 0.0 0.0 0.0 0.0 0.0
0.0 0.0 0.0 0.0 0.0 0.0 0.0 0.0 0.0 0.0 0.0 0.0 0.0 0.0 0.0 0.0 0.0 0.0 0.0 0.0 0.0 0.0 0.0 0.0 0.0 0.0 0.0 0.0 0.0 0.0
0.0 0.0 0.0 0.0 0.0 0.0 0.0 0.0 0.0 0.0 0.0 0.0 0.0 0.0 0.0 0.0 0.0 0.0 0.0 0.0 0.0 0.0 0.0 0.0 0.0 0.0 0.0 0.0 0.0 0.0
0.0 0.0 0.0 0.0 0.0 0.0 0.0 0.0 0.0 0.0 0.0 0.0 0.0 0.0 0.0 0.0 0.0 0.0 0.0 0.0 0.0 0.0 0.0 0.0 0.0 0.0 0.0 0.0 0.0 0.0

-- Channel 3 --
0.0 0.0 0.0 0.0 0.0 0.0 0.0 0.0 0.0 0.0 0.0 0.0 0.0 0.0 0.0 0.0 0.0 0.0 0.0 0.0 0.0 0.0 0.0 0.0 0.0 0.0 0.0 0.0 0.0 0.0
0.0 0.0 0.0 0.0 0.0 0.0 0.0 0.0 0.0 0.0 0.0 0.0 0.0 0.0 0.0 0.0 0.0 0.0 0.0 0.0 0.0 0.0 0.0 0.0 0.0 0.0 0.0 0.0 0.0 0.0
0.0 0.0 0.0 0.0 0.0 0.0 0.0 0.0 0.0 0.0 0.0 0.0 0.0 0.0 0.0 0.0 0.0 0.0 0.0 0.0 0.0 0.0 0.0 0.0 0.0 0.0 0.0 0.0 0.0 0.0
0.0 0.0 0.0 0.0 0.0 0.0 0.0 0.0 0.0 0.0 0.0 0.0 0.0 0.0 0.0 0.0 0.0 0.0 0.0 0.0 0.0 0.0 0.0 0.0 0.0 0.0 0.0 0.0 0.0 0.0
0.0 0.0 0.0 0.0 0.0 0.0 0.0 0.0 0.0 0.0 0.0 0.0 0.0 0.0 0.0 0.0 0.0 0.0 0.0 0.0 0.0 0.0 0.0 0.0 0.0 0.0 0.0 0.0 0.0 0.0
0.0 0.0 0.0 0.0 0.0 0.0 0.0 0.0 0.0 0.0 0.0 0.0 0.0 0.0 0.0 0.0 0.0 0.0 0.0 0.0 0.0 0.0 0.0 0.0 0.0 0.0 0.0 0.0 0.0 0.0
0.0 0.0 0.0 0.0 0.0 0.0 0.0 0.0 0.0 0.0 0.0 0.0 0.0 0.0 0.0 0.0 0.0 0.0 0.0 0.0 0.0 0.0 0.0 0.0 0.0 0.0 0.0 0.0 0.0 0.0
0.0 0.0 0.0 0.0 0.0 0.0 0.0 0.0 0.0 0.0 0.0 0.0 0.0 0.0 0.0 0.0 0.0 0.0 0.0 0.0 0.0 0.0 0.0 0.0 0.0 0.0 0.0 0.0 0.0 0.0
0.0 0.0 0.0 0.0 0.0 0.0 0.0 0.0 0.0 0.0 0.0 0.0 0.0 0.0 0.0 0.0 0.0 0.0 0.0 0.0 0.0 0.0 0.0 0.0 0.0 0.0 0.0 0.0 0.0 0.0
0.0 0.0 0.0 0.0 0.0 0.0031433105 0.032302856 0.0 0.0 0.0 0.0 0.0 0.0 0.0 0.0 0.0 0.0 0.0 0.0 0.0 0.0 0.0 0.0 0.0 0.0 0.0 0.0 0.0 0.0 0.0
0.0 0.0 0.0 0.0 0.0 0.0 0.03488159 0.0 0.0 0.0 0.0 0.0 0.0 0.0 0.0 0.0 0.0 0.0 0.0 0.0 0.0 0.0 0.0 0.0 0.0 0.0 0.0 0.0 0.0 0.0
0.0 0.0 0.0 0.0 0.0 0.0 0.0 0.0012512207 0.0 0.0 0.0 0.0 0.0 0.0 0.0 0.0 0.0 0.0 0.0 0.0 0.0 0.0 0.0 0.0 0.0 0.0 0.0 0.0 0.0 0.0
0.0 0.0 0.0 0.0 0.0 0.0 0.0 0.0 0.0 0.0 0.0 0.0 0.0 0.0 0.0 0.0 0.0 0.0 0.0 0.0 0.0 0.0 0.0 0.0 0.0 0.0 0.0 0.0 0.0 0.0
0.0 0.0 0.0 0.0 0.0 0.0 0.0 0.0 0.0 0.0 0.0 0.0 0.0 0.0 0.0 0.0 0.0 0.0 0.0 0.0 0.0 0.0 0.0 0.0 0.0 0.0 0.0 0.0 0.0 0.0
0.0 0.0 0.0 0.0 0.0 0.0 0.0 0.0057678223 0.0 0.0 0.0 0.0 0.0 0.0 0.0 0.0 0.0 0.0 0.0 0.0 0.0 0.0 0.0 0.0 0.0 0.0 0.0 0.0 0.0 0.0
0.0 0.0 0.0 0.0 0.0 0.0 0.009292603 0.0 0.0 0.0 0.0 0.0 0.0 0.0 0.0 0.0 0.0 0.0 0.0 0.0 0.0 0.0 0.0 0.0 0.0 0.0 0.0 0.0 0.0 0.0
0.0 0.0 0.0 0.0 0.0 0.0 0.020523071 0.0 0.0 0.0 0.0 0.0 0.0 0.0 0.0 0.0 0.0 0.0 0.0 0.0 0.0 0.0 0.0 0.0 0.0 0.0 0.0 0.0 0.0 0.0
0.0 0.0 0.0 0.0 0.0 0.0029907227 0.0 0.0 0.0 0.0 0.0 0.0 0.0 0.0 0.0 0.0 0.0 0.0 0.0 0.0 0.0 0.0 0.0 0.0 0.0 0.0 0.0 0.0 0.0 0.0
0.0 0.0 0.0 0.0 0.0 0.0 0.0 0.0057678223 0.0 0.0 0.0 0.0 0.0 0.0 0.0 0.0 0.0 0.0 0.0 0.0 0.0 0.0 0.0 0.0 0.0 0.0 0.0 0.0 0.0 0.0
0.0 0.0 0.0 0.0 0.0 0.0 0.0 0.009796143 0.0 0.0 0.0 0.0 0.0 0.0 0.0 0.0 0.0 0.0 0.0 0.0 0.0 0.0 0.0 0.0 0.0 0.0 0.0 0.0 0.0 0.0
0.0 0.0 0.0 0.0 0.0 0.0 0.0 0.0 0.0 0.0 0.0 0.0 0.0 0.0 0.0 0.0 0.0 0.0 0.0 0.0 0.0 0.0 0.0 0.0 0.0 0.0 0.0 0.0 0.0 0.0
0.0 0.0 0.0 0.0 0.0 0.0 0.0 0.0 0.0 0.0 0.0 0.0 0.0 0.0 0.0 0.0 0.0 0.0 0.0 0.0 0.0 0.0 0.0 0.0 0.0 0.0 0.0 0.0 0.0 0.0
0.0 0.0 0.0 0.0 0.0 0.0 0.0 0.0 0.0 0.0 0.0 0.0 0.0 0.0 0.0 0.0 0.0 0.0 0.0 0.0 0.0 0.0 0.0 0.0 0.0 0.0 0.0 0.0 0.0 0.0
0.0 0.0 0.0 0.0 0.0 0.0 0.0 0.0 0.0 0.0 0.0 0.0 0.0 0.0 0.0 0.0 0.0 0.0 0.0 0.0 0.0 0.0 0.0 0.0 0.0 0.0 0.0 0.0 0.0 0.0
0.0 0.0 0.0 0.0 0.0 0.0 0.0 0.0 0.0 0.0 0.0 0.0 0.0 0.0 0.0 0.0 0.0 0.0 0.0 0.0 0.0 0.0 0.0 0.0 0.0 0.0 0.0 0.0 0.0 0.0
0.0 0.0 0.0 0.0 0.0 0.0 0.0 0.0 0.0 0.0 0.0 0.0 0.0 0.0 0.0 0.0 0.0 0.0 0.0 0.0 0.0 0.0 0.0 0.0 0.0 0.0 0.0 0.0 0.0 0.0
0.0 0.0 0.0 0.0 0.0 0.0 0.0 0.0 0.0 0.0 0.0 0.0 0.0 0.0 0.0 0.0 0.0 0.0 0.0 0.0 0.0 0.0 0.0 0.0 0.0 0.0 0.0 0.0 0.0 0.0
0.0 0.0 0.0 0.0 0.0 0.0 0.0 0.0 0.0 0.0 0.0 0.0 0.0 0.0 0.0 0.0 0.0 0.0 0.0 0.0 0.0 0.0 0.0 0.0 0.0 0.0 0.0 0.0 0.0 0.0
0.0 0.0 0.0 0.0 0.0 0.0 0.0 0.0 0.0 0.0 0.0 0.0 0.0 0.0 0.0 0.0 0.0 0.0 0.0 0.0 0.0 0.0 0.0 0.0 0.0 0.0 0.0 0.0 0.0 0.0
0.0 0.0 0.0 0.0 0.0 0.0 0.0 0.0 0.0 0.0 0.0 0.0 0.0 0.0 0.0 0.0 0.0 0.0 0.0 0.0 0.0 0.0 0.0 0.0 0.0 0.0 0.0 0.0 0.0 0.0

-- Channel 4 --
0.0 0.0 0.0 0.0 0.0 0.0 0.0 0.0 0.0 0.0 0.0 0.0 0.0 0.0 0.0 0.0 0.0 0.0 0.0 0.0 0.0 0.0 0.0 0.0 0.0 0.0 0.0 0.0 0.0 0.0
0.0 0.0 0.0 0.0 0.0 0.0 0.0 0.0 0.0 0.0 0.0 0.0 0.0 0.0 0.0 0.0 0.0 0.0 0.0 0.0 0.0 0.0 0.0 0.0 0.0 0.0 0.0 0.0 0.0 0.0
0.0 0.0 0.0 0.0 0.0 0.0 0.0 0.0 0.0 0.0 0.0 0.0 0.0 0.0 0.0 0.0 0.0 0.0 0.0 0.0 0.0 0.0 0.0 0.0 0.0 0.0 0.0 0.0 0.0 0.0
0.0 0.0 0.0 0.0 0.0 0.0 0.0 0.0 0.0 0.0 0.0 0.0 0.0 0.0 0.0 0.0 0.0 0.0 0.0 0.0 0.0 0.0 0.0 0.0 0.0 0.0 0.0 0.0 0.0 0.0
0.0 0.0 0.0 0.0 0.0 0.0 0.0 0.0 0.0 0.0 0.0 0.0 0.0 0.0 0.0 0.0 0.0 0.0 0.0 0.0 0.0 0.0 0.0 0.0 0.0 0.0 0.0 0.0 0.0 0.0
0.0 0.0 0.0 0.0 0.0 0.0 0.0 0.0 0.0 0.0 0.0 0.0 0.0 0.0 0.0 0.0 0.0 0.0 0.0 0.0 0.0 0.0 0.0 0.0 0.0 0.0 0.0 0.0 0.0 0.0
0.0 0.0 0.0 0.0 0.0 0.0 0.0 0.0 0.0 0.0 0.0 0.0 0.0 0.0 0.0 0.0 0.0 0.0 0.0 0.0 0.0 0.0 0.0 0.0 0.0 0.0 0.0 0.0 0.0 0.0
0.0 0.0 0.0 0.0 0.0 0.0 0.0 0.0 0.0 0.0 0.0 0.0 0.0 0.0 0.0 0.0 0.0 0.0 0.0 0.0 0.0 0.0 0.0 0.0 0.0 0.0 0.0 0.0 0.0 0.0
0.0 0.0 0.0 0.0 0.0 0.0 0.0 0.0 0.0 0.0 0.0 0.0 0.0 0.0 0.0 0.0 0.0 0.0 0.0 0.0 0.0 0.0 0.0 0.0 0.0 0.0 0.0 0.0 0.0 0.0
0.0 0.0 0.0 0.0 0.0 0.0 0.0 0.0 0.0 0.0 0.0 0.0 0.0 0.0 0.0 0.0 0.0 0.0 0.0 0.0 0.0 0.0 0.0 0.0 0.0 0.0 0.0 0.0 0.0 0.0
0.0 0.0 0.0 0.0 0.0 0.0 0.0 0.03640747 0.0 0.0 0.0 0.0 0.0 0.0 0.0 0.0 0.0 0.0 0.0 0.0 0.0 0.0 0.0 0.0 0.0 0.0 0.0 0.0 0.0 0.0
0.0 0.0 0.0 0.0 0.0 0.0 0.0 0.027618408 0.0 0.0 0.0 0.0 0.0 0.0 0.0 0.0 0.0 0.0 0.0 0.0 0.0 0.0 0.0 0.0 0.0 0.0 0.0 0.0 0.0 0.0
0.0 0.0 0.0 0.0 0.0 0.0 0.0 0.016281128 0.0 0.0 0.0 0.0 0.0 0.0 0.0 0.0 0.0 0.0 0.0 0.0 0.0 0.0 0.0 0.0 0.0 0.0 0.0 0.0 0.0 0.0
0.0 0.0 0.0 0.0 0.0 0.0 0.0 0.021530151 0.0 0.0 0.0 0.0 0.0 0.0 0.0 0.0 0.0 0.0 0.0 0.0 0.0 0.0 0.0 0.0 0.0 0.0 0.0 0.0 0.0 0.0
0.0 0.0 0.0 0.0 0.0 0.0 0.0 0.026046753 0.0 0.0 0.0 0.0 0.0 0.0 0.0 0.0 0.0 0.0 0.0 0.0 0.0 0.0 0.0 0.0 0.0 0.0 0.0 0.0 0.0 0.0
0.0 0.0 0.0 0.0 0.0 0.0 0.00016784668 0.02180481 0.0 0.0 0.0 0.0 0.0 0.0 0.0 0.0 0.0 0.0 0.0 0.0 0.0 0.0 0.0 0.0 0.0 0.0 0.0 0.0 0.0 0.0
0.0 0.0 0.0 0.0 0.0 0.0 0.0 0.0014801025 0.0 0.0 0.0 0.0 0.0 0.0 0.0 0.0 0.0 0.0 0.0 0.0 0.0 0.0 0.0 0.0 0.0 0.0 0.0 0.0 0.0 0.0
0.0 0.0 0.0 0.0 0.0 0.0 0.0 0.0129852295 0.0 0.0 0.0 0.0 0.0 0.0 0.0 0.0 0.0 0.0 0.0 0.0 0.0 0.0 0.0 0.0 0.0 0.0 0.0 0.0 0.0 0.0
0.0 0.0 0.0 0.0 0.0 0.0 0.0 0.0 0.0 0.0 0.0 0.0 0.0 0.0 0.0 0.0 0.0 0.0 0.0 0.0 0.0 0.0 0.0 0.0 0.0 0.0 0.0 0.0 0.0 0.0
0.0 0.0 0.0 0.0 0.0 0.0 0.0 0.0 0.0 0.0 0.0 0.0 0.0 0.0 0.0 0.0 0.0 0.0 0.0 0.0 0.0 0.0 0.0 0.0 0.0 0.0 0.0 0.0 0.0 0.0
0.0 0.0 0.0 0.0 0.0 0.0 0.0 0.0 0.0 0.0 0.0 0.0 0.0 0.0 0.0 0.0 0.0 0.0 0.0 0.0 0.0 0.0 0.0 0.0 0.0 0.0 0.0 0.0 0.0 0.0
0.0 0.0 0.0 0.0 0.0 0.0 0.0 0.0 0.0 0.0 0.0 0.0 0.0 0.0 0.0 0.0 0.0 0.0 0.0 0.0 0.0 0.0 0.0 0.0 0.0 0.0 0.0 0.0 0.0 0.0
0.0 0.0 0.0 0.0 0.0 0.0 0.0 0.0 0.0 0.0 0.0 0.0 0.0 0.0 0.0 0.0 0.0 0.0 0.0 0.0 0.0 0.0 0.0 0.0 0.0 0.0 0.0 0.0 0.0 0.0
0.0 0.0 0.0 0.0 0.0 0.0 0.0 0.0 0.0 0.0 0.0 0.0 0.0 0.0 0.0 0.0 0.0 0.0 0.0 0.0 0.0 0.0 0.0 0.0 0.0 0.0 0.0 0.0 0.0 0.0
0.0 0.0 0.0 0.0 0.0 0.0 0.0 0.0 0.0 0.0 0.0 0.0 0.0 0.0 0.0 0.0 0.0 0.0 0.0 0.0 0.0 0.0 0.0 0.0 0.0 0.0 0.0 0.0 0.0 0.0
0.0 0.0 0.0 0.0 0.0 0.0 0.0 0.0 0.0 0.0 0.0 0.0 0.0 0.0 0.0 0.0 0.0 0.0 0.0 0.0 0.0 0.0 0.0 0.0 0.0 0.0 0.0 0.0 0.0 0.0
0.0 0.0 0.0 0.0 0.0 0.0 0.0 0.0 0.0 0.0 0.0 0.0 0.0 0.0 0.0 0.0 0.0 0.0 0.0 0.0 0.0 0.0 0.0 0.0 0.0 0.0 0.0 0.0 0.0 0.0
0.0 0.0 0.0 0.0 0.0 0.0 0.0 0.0 0.0 0.0 0.0 0.0 0.0 0.0 0.0 0.0 0.0 0.0 0.0 0.0 0.0 0.0 0.0 0.0 0.0 0.0 0.0 0.0 0.0 0.0
0.0 0.0 0.0 0.0 0.0 0.0 0.0 0.0 0.0 0.0 0.0 0.0 0.0 0.0 0.0 0.0 0.0 0.0 0.0 0.0 0.0 0.0 0.0 0.0 0.0 0.0 0.0 0.0 0.0 0.0
0.0 0.0 0.0 0.0 0.0 0.0 0.0 0.0 0.0 0.0 0.0 0.0 0.0 0.0 0.0 0.0 0.0 0.0 0.0 0.0 0.0 0.0 0.0 0.0 0.0 0.0 0.0 0.0 0.0 0.0

-- Channel 5 --
0.0 0.0 0.0 0.0 0.0 0.0 0.0 0.0 0.0 0.0 0.0 0.0 0.0 0.0 0.0 0.0 0.0 0.0 0.0 0.0 0.0 0.0 0.0 0.0 0.0 0.0 0.0 0.0 0.0 0.0
0.0 0.0 0.0 0.0 0.0 0.0 0.0 0.0 0.0 0.0 0.0 0.0 0.0 0.0 0.0 0.0 0.0 0.0 0.0 0.0 0.0 0.0 0.0 0.0 0.0 0.0 0.0 0.0 0.0 0.0
0.0 0.0 0.0 0.0 0.0 0.0 0.0 0.0 0.0 0.0 0.0 0.0 0.0 0.0 0.0 0.0 0.0 0.0 0.0 0.0 0.0 0.0 0.0 0.0 0.0 0.0 0.0 0.0 0.0 0.0
0.0 0.0 0.0 0.0 0.0 0.0 0.0 0.0 0.0 0.0 0.0 0.0 0.0 0.0 0.0 0.0 0.0 0.0 0.0 0.0 0.0 0.0 0.0 0.0 0.0 0.0 0.0 0.0 0.0 0.0
0.0 0.0 0.0 0.0 0.0 0.0 0.0 0.0 0.0 0.0 0.0 0.0 0.0 0.0 0.0 0.0 0.0 0.0 0.0 0.0 0.0 0.0 0.0 0.0 0.0 0.0 0.0 0.0 0.0 0.0
0.0 0.0 0.0 0.0 0.0 0.0 0.0 0.0 0.0 0.0 0.0 0.0 0.0 0.0 0.0 0.0 0.0 0.0 0.0 0.0 0.0 0.0 0.0 0.0 0.0 0.0 0.0 0.0 0.0 0.0
0.0 0.0 0.0 0.0 0.0 0.0 0.0 0.0 0.0 0.0 0.0 0.0 0.0 0.0 0.0 0.0 0.0 0.0 0.0 0.0 0.0 0.0 0.0 0.0 0.0 0.0 0.0 0.0 0.0 0.0
0.0 0.0 0.0 0.0 0.0 0.0 0.0 0.0 0.0 0.0 0.0 0.0 0.0 0.0 0.0 0.0 0.0 0.0 0.0 0.0 0.0 0.0 0.0 0.0 0.0 0.0 0.0 0.0 0.0 0.0
0.0 0.0 0.0 0.0 0.0 0.0 0.0 0.0 0.0 0.0 0.0 0.0 0.0 0.0 0.0 0.0 0.0 0.0 0.0 0.0 0.0 0.0 0.0 0.0 0.0 0.0 0.0 0.0 0.0 0.0
0.0 0.0 0.0 0.0 0.0 0.0 0.0 0.0 0.0 0.0 0.0 0.0 0.0 0.0 0.0 0.0 0.0 0.0 0.0 0.0 0.0 0.0 0.0 0.0 0.0 0.0 0.0 0.0 0.0 0.0
0.0 0.0 0.0 0.0 0.0 0.0 0.0 0.0 0.0 0.0 0.0 0.0 0.0 0.0 0.0 0.0 0.0 0.0 0.0 0.0 0.0 0.0 0.0 0.0 0.0 0.0 0.0 0.0 0.0 0.0
0.0 0.0 0.0 0.0 0.0 0.0 0.0 0.0 0.0 0.0 0.0 0.0 0.0 0.0 0.0 0.0 0.0 0.0 0.0 0.0 0.0 0.0 0.0 0.0 0.0 0.0 0.0 0.0 0.0 0.0
0.0 0.0 0.0 0.0 0.0 0.0 0.0 0.0 0.0 0.0 0.0 0.0 0.0 0.0 0.0 0.0 0.0 0.0 0.0 0.0 0.0 0.0 0.0 0.0 0.0 0.0 0.0 0.0 0.0 0.0
0.0 0.0 0.0 0.0 0.0 0.0 0.0 0.0 0.0 0.0 0.0 0.0 0.0 0.0 0.0 0.0 0.0 0.0 0.0 0.0 0.0 0.0 0.0 0.0 0.0 0.0 0.0 0.0 0.0 0.0
0.0 0.0 0.0 0.0 0.0 0.0 0.0 0.0 0.0 0.0 0.0 0.0 0.0 0.0 0.0 0.0 0.0 0.0 0.0 0.0 0.0 0.0 0.0 0.0 0.0 0.0 0.0 0.0 0.0 0.0
0.0 0.0 0.0 0.0 0.0 0.0 0.0 0.0 0.0 0.0 0.0 0.0 0.0 0.0 0.0 0.0 0.0 0.0 0.0 0.0 0.0 0.0 0.0 0.0 0.0 0.0 0.0 0.0 0.0 0.0
0.0 0.0 0.0 0.0 0.0 0.0 0.0 0.0 0.0 0.0 0.0 0.0 0.0 0.0 0.0 0.0 0.0 0.0 0.0 0.0 0.0 0.0 0.0 0.0 0.0 0.0 0.0 0.0 0.0 0.0
0.0 0.0 0.0 0.0 0.0 0.0 0.0 0.0 0.0 0.0 0.0 0.0 0.0 0.0 0.0 0.0 0.0 0.0 0.0 0.0 0.0 0.0 0.0 0.0 0.0 0.0 0.0 0.0 0.0 0.0
0.0 0.0 0.0 0.0 0.0 0.0 0.0 0.0 0.0 0.0 0.0 0.0 0.0 0.0 0.0 0.0 0.0 0.0 0.0 0.0 0.0 0.0 0.0 0.0 0.0 0.0 0.0 0.0 0.0 0.0
0.0 0.0 0.0 0.0 0.0 0.0 0.0 0.0 0.0 0.0 0.0 0.0 0.0 0.0 0.0 0.0 0.0 0.0 0.0 0.0 0.0 0.0 0.0 0.0 0.0 0.0 0.0 0.0 0.0 0.0
0.0 0.0 0.0 0.0 0.0 0.0 0.0 0.0 0.0 0.0 0.0 0.0 0.0 0.0 0.0 0.0 0.0 0.0 0.0 0.0 0.0 0.0 0.0 0.0 0.0 0.0 0.0 0.0 0.0 0.0
0.0 0.0 0.0 0.0 0.0 0.0 0.0 0.0 0.0 0.0 0.0 0.0 0.0 0.0 0.0 0.0 0.0 0.0 0.0 0.0 0.0 0.0 0.0 0.0 0.0 0.0 0.0 0.0 0.0 0.0
0.0 0.0 0.0 0.0 0.0 0.0 0.0 0.0 0.0 0.0 0.0 0.0 0.0 0.0 0.0 0.0 0.0 0.0 0.0 0.0 0.0 0.0 0.0 0.0 0.0 0.0 0.0 0.0 0.0 0.0
0.0 0.0 0.0 0.0 0.0 0.0 0.0 0.0 0.0 0.0 0.0 0.0 0.0 0.0 0.0 0.0 0.0 0.0 0.0 0.0 0.0 0.0 0.0 0.0 0.0 0.0 0.0 0.0 0.0 0.0
0.0 0.0 0.0 0.0 0.0 0.0 0.0 0.0 0.0 0.0 0.0 0.0 0.0 0.0 0.0 0.0 0.0 0.0 0.0 0.0 0.0 0.0 0.0 0.0 0.0 0.0 0.0 0.0 0.0 0.0
0.0 0.0 0.0 0.0 0.0 0.0 0.0 0.0 0.0 0.0 0.0 0.0 0.0 0.0 0.0 0.0 0.0 0.0 0.0 0.0 0.0 0.0 0.0 0.0 0.0 0.0 0.0 0.0 0.0 0.0
0.0 0.0 0.0 0.0 0.0 0.0 0.0 0.0 0.0 0.0 0.0 0.0 0.0 0.0 0.0 0.0 0.0 0.0 0.0 0.0 0.0 0.0 0.0 0.0 0.0 0.0 0.0 0.0 0.0 0.0
0.0 0.0 0.0 0.0 0.0 0.0 0.0 0.0 0.0 0.0 0.0 0.0 0.0 0.0 0.0 0.0 0.0 0.0 0.0 0.0 0.0 0.0 0.0 0.0 0.0 0.0 0.0 0.0 0.0 0.0
0.0 0.0 0.0 0.0 0.0 0.0 0.0 0.0 0.0 0.0 0.0 0.0 0.0 0.0 0.0 0.0 0.0 0.0 0.0 0.0 0.0 0.0 0.0 0.0 0.0 0.0 0.0 0.0 0.0 0.0
0.0 0.0 0.0 0.0 0.0 0.0 0.0 0.0 0.0 0.0 0.0 0.0 0.0 0.0 0.0 0.0 0.0 0.0 0.0 0.0 0.0 0.0 0.0 0.0 0.0 0.0 0.0 0.0 0.0 0.0

-- Channel 6 --
0.40072632 0.3985901 0.39874268 0.4008026 0.39909363 0.40197754 0.40396118 0.41064453 0.4091797 0.40867615 0.40951538 0.4121399 0.41326904 0.4172058 0.4160614 0.41545105 0.4181671 0.4181671 0.4169159 0.41711426 0.4178772 0.4178772 0.4178772 0.4178772 0.4178772 0.4178772 0.4178772 0.4178772 0.42141724 0.4197693
0.3977356 0.3991394 0.39601135 0.39756775 0.39855957 0.40081787 0.406662 0.40652466 0.40779114 0.4103241 0.41085815 0.41253662 0.41596985 0.4128418 0.41256714 0.41448975 0.41636658 0.41636658 0.41636658 0.41636658 0.41871643 0.41792297 0.41818237 0.41818237 0.41818237 0.41818237 0.41818237 0.41818237 0.4176178 0.41789246
0.39945984 0.3982849 0.39666748 0.39796448 0.40049744 0.4025421 0.4058075 0.40657043 0.40838623 0.4104309 0.412323 0.412735 0.41511536 0.41349792 0.41479492 0.41732788 0.4166565 0.4166565 0.4166565 0.4166565 0.41786194 0.41807556 0.419693 0.419693 0.419693 0.419693 0.419693 0.419693 0.41844177 0.41864014
0.39945984 0.3970337 0.39744568 0.39982605 0.39982605 0.4025421 0.40455627 0.4067688 0.40914917 0.40914917 0.4108429 0.41311646 0.41386414 0.41427612 0.4166565 0.4166565 0.4166565 0.4166565 0.4166565 0.4166565 0.41661072 0.4170227 0.41940308 0.41940308 0.41940308 0.41940308 0.41940308 0.41940308 0.41940308 0.41940308
0.39945984 0.39468384 0.39823914 0.39956665 0.39982605 0.40318298 0.4020996 0.40641785 0.40849304 0.40914917 0.41160583 0.41435242 0.4126892 0.41314697 0.41563416 0.41610718 0.41635132 0.41583252 0.41783142 0.4180298 0.41471863 0.4172821 0.41845703 0.41897583 0.4176178 0.4176178 0.4176178 0.41856384 0.41804504 0.41940308
0.39945984 0.39582825 0.39723206 0.39820862 0.39982605 0.40202332 0.40382385 0.40563965 0.40873718 0.40985107 0.40948486 0.41148376 0.40968323 0.4098816 0.41044617 0.4091797 0.40989685 0.41137695 0.41462708 0.41529846 0.41786194 0.4191742 0.4178009 0.4168396 0.41436768 0.41436768 0.41436768 0.4165039 0.4174652 0.41993713
0.39945984 0.39707947 0.3970337 0.39744568 0.39982605 0.40083313 0.40628052 0.4096527 0.4119873 0.40898132 0.4060974 0.4063568 0.40423584 0.4050293 0.40641785 0.40493774 0.40589905 0.40699768 0.40911865 0.41145325 0.4176941 0.4170227 0.41430664 0.4122467 0.41044617 0.41044617 0.41044617 0.41316223 0.41522217 0.4170227
0.39945984 0.39707947 0.3970337 0.39744568 0.39982605 0.4019928 0.40800476 0.41305542 0.41181946 0.40925598 0.4099884 0.4045105 0.40252686 0.40293884 0.4053192 0.4053192 0.4053192 0.4053192 0.4079895 0.41046143 0.41464233 0.41464233 0.41192627 0.40986633 0.4080658 0.4080658 0.4080658 0.41078186 0.4128418 0.41464233
0.4018097 0.39863586 0.39649963 0.39770508 0.4021759 0.38417053 0.39709473 0.4139099 0.40690613 0.41064453 0.41148376 0.40698242 0.4019928 0.40319824 0.4053192 0.4053192 0.4053192 0.4053192 0.4079895 0.41046143 0.41464233 0.41464233 0.41192627 0.40986633 0.4080658 0.4080658 0.4080658 0.41078186 0.4128418 0.41464233
0.40066528 0.39849854 0.39886475 0.3990631 0.40338135 0.37095642 0.3486328 0.3872223 0.3791046 0.4030609 0.40856934 0.4083252 0.4043579 0.40455627 0.4053192 0.4053192 0.4053192 0.4053192 0.4079895 0.41046143 0.41464233 0.41464233 0.41192627 0.40986633 0.4080658 0.4080658 0.4080658 0.41078186 0.4128418 0.41464233
0.39941406 0.39744568 0.39982605 0.39982605 0.3995819 0.39694214 0.32810974 0.31678772 0.32977295 0.38804626 0.40623474 0.40470886 0.4053192 0.4053192 0.4053192 0.4053192 0.4053192 0.4053192 0.40704346 0.41098022 0.4132843 0.41464233 0.41192627 0.40986633 0.4080658 0.4080658 0.4080658 0.41078186 0.4128418 0.41464233
0.39941406 0.39744568 0.40171814 0.40068054 0.40234375 0.39146423 0.3477478 0.29019165 0.27679443 0.36787415 0.40319824 0.40356445 0.4053192 0.4053192 0.4053192 0.4053192 0.4053192 0.4053192 0.40444946 0.40742493 0.41171265 0.41282654 0.41246033 0.40960693 0.4080658 0.4080658 0.4080658 0.40983582 0.41241455 0.41285706
0.39846802 0.39701843 0.4013672 0.40457153 0.41078186 0.36003113 0.33581543 0.29234314 0.25691223 0.36228943 0.4028473 0.4032898 0.4053192 0.4053192 0.4053192 0.4053192 0.4053192 0.4053192 0.40525818 0.40751648 0.41049194 0.40982056 0.40925598 0.40689087 0.4080658 0.4080658 0.4080658 0.40864563 0.40974426 0.40907288
0.39727783 0.39309692 0.39564514 0.39720154 0.38542175 0.32385254 0.306015 0.24664307 0.27244568 0.37208557 0.4022827 0.40361023 0.4053192 0.4053192 0.4053192 0.4053192 0.4053192 0.4053192 0.40589905 0.40699768 0.4063263 0.4063263 0.40570068 0.40501404 0.4080658 0.4080658 0.4080658 0.4080658 0.4080658 0.4080658
0.396698 0.38882446 0.38664246 0.38471985 0.33840942 0.31697083 0.27650452 0.20039368 0.27262878 0.3661499 0.4028778 0.40463257 0.4053192 0.4053192 0.4053192 0.4053192 0.4053192 0.4053192 0.4053192 0.4053192 0.4053192 0.4053192 0.40527344 0.40568542 0.4080658 0.4080658 0.4080658 0.4080658 0.4080658 0.4080658
0.396698 0.38955688 0.3870697 0.3804779 0.38363647 0.34953308 0.23509216 0.25169373 0.26205444 0.34300232 0.40315247 0.40499878 0.4053192 0.4053192 0.4053192 0.4053192 0.4053192 0.4053192 0.4053192 0.4053192 0.40766907 0.4068756 0.40473938 0.40594482 0.4080658 0.4080658 0.4080658 0.4080658 0.4080658 0.4080658
0.396698 0.39367676 0.39814758 0.39285278 0.4081726 0.339386 0.28146362 0.2939911 0.27624512 0.36535645 0.404953 0.4054718 0.4053192 0.4053192 0.4053192 0.4053192 0.4053192 0.4053192 0.4053192 0.4053192 0.40652466 0.40673828 0.4071045 0.40730286 0.4080658 0.4080658 0.4080658 0.4080658 0.4080658 0.4080658
0.396698 0.39413452 0.40246582 0.40652466 0.40252686 0.33569336 0.3565979 0.28845215 0.29353333 0.3959961 0.40667725 0.4032898 0.4053192 0.4053192 0.4053192 0.4053192 0.4053192 0.4053192 0.4053192 0.4053192 0.40527344 0.40568542 0.4080658 0.4080658 0.4080658 0.4080658 0.4080658 0.4080658 0.4080658 0.4080658
0.39646912 0.38989258 0.397583 0.40405273 0.39709473 0.4064331 0.38920593 0.29312134 0.33764648 0.4051361 0.40496826 0.40176392 0.40626526 0.40574646 0.4071045 0.4071045 0.4071045 0.4071045 0.40774536 0.40699768 0.40496826 0.40664673 0.4080658 0.4080658 0.4080658 0.4080658 0.4080658 0.4080658 0.4080658 0.4080658
0.3935852 0.38902283 0.39353943 0.3991394 0.39845276 0.4326172 0.38859558 0.3436432 0.38398743 0.4049225 0.39994812 0.40174866 0.4065094 0.41033936 0.40925598 0.40979004 0.41152954 0.41078186 0.4099884 0.4128418 0.40852356 0.40916443 0.40890503 0.40847778 0.40763855 0.40628052 0.40722656 0.40670776 0.4080658 0.40571594
0.3939972 0.3904419 0.39286804 0.39775085 0.39793396 0.4066925 0.39302063 0.3869629 0.40248108 0.40078735 0.3996277 0.40246582 0.40589905 0.40820312 0.41007996 0.4121704 0.4107666 0.41156006 0.41055298 0.4122467 0.41418457 0.41400146 0.41012573 0.4082489 0.4053955 0.40428162 0.4054718 0.4069519 0.4080658 0.4092102
0.39562988 0.3931427 0.3924713 0.39634705 0.3959961 0.39694214 0.39761353 0.4010315 0.40324402 0.3998108 0.39993286 0.40309143 0.40447998 0.4039154 0.40827942 0.41203308 0.4099884 0.40982056 0.410141 0.40779114 0.41323853 0.41293335 0.411026 0.40956116 0.40641785 0.40708923 0.40626526 0.40763855 0.4080658 0.40931702
0.3972931 0.39552307 0.39289856 0.39422607 0.39694214 0.39761353 0.4010315 0.40464783 0.40464783 0.3979187 0.39994812 0.4008484 0.40272522 0.40415955 0.40527344 0.4059143 0.40333557 0.40464783 0.4081726 0.40808105 0.40879822 0.41192627 0.40893555 0.40948486 0.40594482 0.40527344 0.40782166 0.4072113 0.4080658 0.41041565
0.39816284 0.3944702 0.39393616 0.39588928 0.39761353 0.4010315 0.40324402 0.4025879 0.4039154 0.40119934 0.3999939 0.40342712 0.4038391 0.40419006 0.40318298 0.39923096 0.40208435 0.40296936 0.40556335 0.4084015 0.4080658 0.40867615 0.41137695 0.40693665 0.40911865 0.40681458 0.4094696 0.40864563 0.4094696 0.40899658
0.3959198 0.39404297 0.39494324 0.39813232 0.39967346 0.40464783 0.40370178 0.40057373 0.3998108 0.4060669 0.40278625 0.40405273 0.39894104 0.39994812 0.3998413 0.39988708 0.40480042 0.40353394 0.40620422 0.40698242 0.4028015 0.40480042 0.40966797 0.40931702 0.4117279 0.41029358 0.408844 0.41072083 0.40618896 0.40701294
0.39537048 0.3946228 0.3959961 0.3977661 0.40034485 0.4008026 0.40124512 0.40164185 0.40045166 0.40344238 0.40541077 0.40304565 0.4032135 0.40223694 0.40194702 0.40345764 0.40301514 0.40386963 0.4081726 0.4047699 0.40057373 0.3996582 0.4058838 0.41041565 0.40872192 0.40722656 0.4059143 0.40774536 0.40756226 0.41177368
0.3947296 0.39537048 0.39544678 0.39785767 0.3975525 0.39614868 0.39842224 0.40257263 0.40145874 0.39945984 0.40135193 0.40278625 0.40698242 0.40464783 0.40026855 0.39978027 0.39831543 0.39982605 0.4043274 0.40394592 0.40234375 0.40289307 0.40226746 0.41011047 0.4104309 0.40260315 0.40318298 0.40325928 0.41072083 0.41125488
0.39640808 0.39227295 0.39405823 0.39326477 0.39231873 0.39474487 0.39746094 0.39860535 0.39613342 0.39338684 0.39424133 0.39631653 0.39717102 0.39707947 0.39509583 0.3920288 0.39549255 0.3925476 0.4007721 0.40574646 0.40679932 0.4000244 0.40263367 0.4044342 0.40937805 0.40177917 0.3995819 0.4033966 0.40426636 0.4052124
0.3987732 0.39276123 0.3935547 0.39289856 0.39334106 0.39353943 0.3961029 0.3976593 0.3955536 0.3918152 0.39050293 0.39039612 0.38894653 0.385849 0.39012146 0.39060974 0.3923645 0.39823914 0.40301514 0.40516663 0.40390015 0.40161133 0.40135193 0.39949036 0.4032898 0.40452576 0.40405273 0.4035492 0.4024048 0.39886475
0.3970337 0.39379883 0.394989 0.39294434 0.39222717 0.39245605 0.3948059 0.39466858 0.39645386 0.39395142 0.38908386 0.38597107 0.38467407 0.38372803 0.38656616 0.3890381 0.39317322 0.40016174 0.40135193 0.40005493 0.39901733 0.3986969 0.399765 0.39631653 0.39813232 0.40164185 0.399292 0.39863586 0.3992157 0.39289856

-- Channel 7 --
0.46115112 0.46035767 0.46321106 0.45985413 0.46191406 0.46661377 0.46592712 0.46865845 0.46955872 0.4686737 0.46855164 0.47161865 0.4710846 0.47029114 0.47254944 0.47447205 0.4759674 0.4759674 0.4774933 0.47453308 0.4747467 0.4747467 0.4747467 0.4747467 0.4747467 0.4747467 0.4747467 0.4747467 0.47665405 0.4781189
0.45692444 0.45707703 0.4580078 0.46035767 0.4608612 0.4617157 0.46305847 0.46601868 0.46850586 0.46769714 0.46772766 0.46588135 0.46821594 0.46914673 0.47216797 0.47006226 0.47032166 0.47032166 0.47032166 0.47032166 0.47268677 0.47227478 0.47280884 0.47280884 0.47280884 0.47280884 0.47280884 0.47280884 0.47454834 0.4761505
0.4570465 0.45918274 0.46139526 0.46121216 0.4590912 0.46183777 0.46516418 0.47071838 0.46865845 0.46946716 0.46806335 0.46679688 0.47032166 0.47253418 0.47235107 0.4702301 0.47154236 0.47154236 0.47154236 0.47154236 0.47479248 0.47633362 0.4772339 0.4772339 0.4772339 0.4772339 0.4772339 0.4772339 0.47875977 0.47579956
0.4570465 0.46070862 0.45928955 0.46040344 0.46040344 0.46183777 0.46669006 0.46775818 0.46887207 0.46887207 0.46687317 0.46696472 0.47184753 0.47042847 0.47154236 0.47154236 0.47154236 0.47154236 0.47154236 0.47154236 0.47631836 0.4748993 0.47601318 0.47601318 0.47601318 0.47601318 0.47601318 0.47601318 0.47601318 0.47601318
0.4570465 0.4583435 0.45970154 0.45986938 0.46040344 0.46174622 0.4628296 0.46609497 0.46766663 0.46887207 0.46829224 0.46881104 0.47131348 0.4689026 0.4702301 0.47065735 0.47177124 0.47233582 0.4733734 0.4730072 0.47531128 0.47543335 0.4749756 0.474411 0.47328186 0.47328186 0.47328186 0.47431946 0.47488403 0.47601318
0.4570465 0.4574585 0.4577484 0.45950317 0.46040344 0.46191406 0.4638977 0.46470642 0.4686737 0.46879578 0.46842957 0.46905518 0.47181702 0.4691925 0.4717865 0.4724579 0.47164917 0.47218323 0.47579956 0.47624207 0.4806366 0.47772217 0.47735596 0.47625732 0.4750824 0.4750824 0.4750824 0.47566223 0.47676086 0.4779358
0.4570465 0.45593262 0.46070862 0.45928955 0.46040344 0.4632721 0.4624176 0.46525574 0.46498108 0.46580505 0.4657135 0.46644592 0.47053528 0.47132874 0.47036743 0.46917725 0.47019958 0.46917725 0.47558594 0.47833252 0.4781189 0.47943115 0.47799683 0.47792053 0.47543335 0.47543335 0.47543335 0.47686768 0.47694397 0.47943115
0.4570465 0.45593262 0.46070862 0.45928955 0.46040344 0.46310425 0.46276855 0.46391296 0.46548462 0.46324158 0.46531677 0.46650696 0.46965027 0.4682312 0.4693451 0.4693451 0.4693451 0.4693451 0.47555542 0.47421265 0.47781372 0.47781372 0.4763794 0.4763031 0.47381592 0.47381592 0.47381592 0.47525024 0.47532654 0.47781372
0.45941162 0.45788574 0.4608307 0.4598236 0.46276855 0.44421387 0.45117188 0.46250916 0.45835876 0.4640503 0.46601868 0.46810913 0.46977234 0.46876526 0.4693451 0.4693451 0.4693451 0.4693451 0.47555542 0.47421265 0.47781372 0.47781372 0.4763794 0.4763031 0.47381592 0.47381592 0.47381592 0.47525024 0.47532654 0.47781372
0.46029663 0.46072388 0.46315002 0.46018982 0.46601868 0.42330933 0.38919067 0.43721008 0.44311523 0.4616089 0.46987915 0.47042847 0.47209167 0.46913147 0.4693451 0.4693451 0.4693451 0.4693451 0.47555542 0.47421265 0.47781372 0.47781372 0.4763794 0.4763031 0.47381592 0.47381592 0.47381592 0.47525024 0.47532654 0.47781372
0.4618225 0.45928955 0.46040344 0.46040344 0.46710205 0.4241333 0.35179138 0.40011597 0.4241333 0.45651245 0.46896362 0.46936035 0.4693451 0.4693451 0.4693451 0.4693451 0.4693451 0.4693451 0.47451782 0.47364807 0.47668457 0.47781372 0.4763794 0.4763031 0.47381592 0.47381592 0.47381592 0.47525024 0.47532654 0.47781372
0.4618225 0.45928955 0.46247864 0.4636078 0.4706726 0.41862488 0.35379028 0.42225647 0.39808655 0.44517517 0.46917725 0.47044373 0.4693451 0.4693451 0.4693451 0.4693451 0.4693451 0.4693451 0.47364807 0.47172546 0.47528076 0.47532654 0.47625732 0.47576904 0.47381592 0.47381592 0.47381592 0.47421265 0.47372437 0.4750824
0.4607849 0.45768738 0.4577942 0.46084595 0.47123718 0.41427612 0.32398987 0.4358368 0.4094696 0.44047546 0.4670868 0.46940613 0.4693451 0.4693451 0.4693451 0.4693451 0.4693451 0.4693451 0.4704132 0.46884155 0.4680786 0.46939087 0.47224426 0.47427368 0.47381592 0.47381592 0.47381592 0.4746704 0.47364807 0.47496033
0.46124268 0.45544434 0.45410156 0.45358276 0.45750427 0.38426208 0.31350708 0.40682983 0.41311646 0.4365692 0.4647827 0.47016907 0.4693451 0.4693451 0.4693451 0.4693451 0.4693451 0.4693451 0.47019958 0.46917725 0.4704895 0.4704895 0.474411 0.47401428 0.47381592 0.47381592 0.47381592 0.47381592 0.47381592 0.47381592
0.46038818 0.45773315 0.45388794 0.45811462 0.4299469 0.35565186 0.31033325 0.37123108 0.37753296 0.4296112 0.4660492 0.46881104 0.4693451 0.4693451 0.4693451 0.4693451 0.4693451 0.4693451 0.4693451 0.4693451 0.4693451 0.4693451 0.4741211 0.47270203 0.47381592 0.47381592 0.47381592 0.47381592 0.47381592 0.47381592
0.46038818 0.45899963 0.4611969 0.46295166 0.45025635 0.36288452 0.31562805 0.3918152 0.38208008 0.43229675 0.46772766 0.4686432 0.4693451 0.4693451 0.4693451 0.4693451 0.4693451 0.4693451 0.4693451 0.4693451 0.4717102 0.47129822 0.47424316 0.47323608 0.47381592 0.47381592 0.47381592 0.47381592 0.47381592 0.47381592
0.46038818 0.45877075 0.4605713 0.46470642 0.44654846 0.40776062 0.3600769 0.39834595 0.44169617 0.456604 0.46603394 0.46784973 0.4693451 0.4693451 0.4693451 0.4693451 0.4693451 0.4693451 0.4693451 0.4693451 0.4725952 0.47413635 0.4765625 0.4736023 0.47381592 0.47381592 0.47381592 0.47381592 0.47381592 0.47381592
0.46038818 0.4570465 0.4548645 0.45996094 0.47039795 0.381073 0.32818604 0.44021606 0.43400574 0.4596405 0.47087097 0.46704102 0.4693451 0.4693451 0.4693451 0.4693451 0.4693451 0.4693451 0.4693451 0.4693451 0.4741211 0.47270203 0.47381592 0.47381592 0.47381592 0.47381592 0.47381592 0.47381592 0.47381592 0.47381592
0.46089172 0.45820618 0.4564972 0.4560089 0.47013855 0.3836975 0.38464355 0.49067688 0.44340515 0.46350098 0.47213745 0.46795654 0.4703827 0.47094727 0.47207642 0.47207642 0.47207642 0.47207642 0.47198486 0.47058105 0.47373962 0.4731598 0.47381592 0.47381592 0.47381592 0.47381592 0.47381592 0.47381592 0.47381592 0.47381592
0.45913696 0.459198 0.4593048 0.4564972 0.4628601 0.40881348 0.47991943 0.50419617 0.44865417 0.4678192 0.46951294 0.467453 0.46888733 0.4717865 0.47009277 0.4716034 0.47210693 0.47070312 0.47161865 0.47373962 0.47644043 0.47601318 0.47550964 0.47390747 0.47221375 0.4710846 0.4721222 0.47268677 0.47381592 0.4714508
0.4595337 0.46188354 0.4636078 0.46051025 0.45870972 0.4449463 0.4884796 0.4729309 0.46003723 0.46723938 0.47021484 0.4681244 0.47019958 0.47242737 0.473938 0.4734192 0.4732666 0.47401428 0.47712708 0.47912598 0.47761536 0.4769287 0.47451782 0.47485352 0.47373962 0.47369385 0.47323608 0.47377014 0.47381592 0.4729309
0.45751953 0.46025085 0.46144104 0.4595642 0.46087646 0.46191406 0.46202087 0.46453857 0.463562 0.46821594 0.4671173 0.46525574 0.46765137 0.47299194 0.4734497 0.4769287 0.47927856 0.47712708 0.4756317 0.47943115 0.48007202 0.47988892 0.47795105 0.4755249 0.47373962 0.47242737 0.47195435 0.47190857 0.47381592 0.47229004
0.46096802 0.46194458 0.46096802 0.46147156 0.46191406 0.46202087 0.46453857 0.46488953 0.46626282 0.46720886 0.46914673 0.46678162 0.46876526 0.47407532 0.47529602 0.47647095 0.4743805 0.4759369 0.4781189 0.4827881 0.48176575 0.4811554 0.47628784 0.4799347 0.47781372 0.4777527 0.47511292 0.47354126 0.47381592 0.47618103
0.46279907 0.4616089 0.46073914 0.46318054 0.46202087 0.46453857 0.463562 0.46858215 0.47045898 0.4706726 0.46704102 0.46647644 0.46600342 0.46983337 0.47276306 0.47244263 0.47579956 0.4766388 0.47937012 0.48239136 0.48608398 0.48802185 0.48760986 0.48338318 0.47904968 0.47628784 0.4721222 0.47244263 0.47514343 0.47608948
0.4610138 0.46289062 0.46214294 0.4614563 0.46340942 0.46488953 0.46522522 0.46722412 0.47132874 0.46894836 0.47097778 0.4706726 0.47125244 0.47705078 0.4777527 0.4771881 0.48295593 0.4874878 0.48893738 0.49041748 0.49110413 0.4920807 0.48568726 0.4827881 0.47662354 0.47550964 0.4736328 0.47383118 0.47651672 0.48013306
0.46228027 0.46214294 0.46087646 0.4612732 0.4607849 0.46585083 0.46931458 0.472229 0.4729309 0.47192383 0.4743805 0.47956848 0.47680664 0.4804535 0.4819641 0.47988892 0.48995972 0.49464417 0.49794006 0.497406 0.49090576 0.4810028 0.47802734 0.47218323 0.4743805 0.47294617 0.47436523 0.4750061 0.48042297 0.48188782
0.46237183 0.46354675 0.46051025 0.46258545 0.46142578 0.46644592 0.47125244 0.4738922 0.47280884 0.47427368 0.48069763 0.49061584 0.48812866 0.49163818 0.48989868 0.48617554 0.49313354 0.4945984 0.4965973 0.49084473 0.4814911 0.4777069 0.47398376 0.4766388 0.4777527 0.47499084 0.47247314 0.4746704 0.4812622 0.48513794
0.4616394 0.46063232 0.45973206 0.46124268 0.46339417 0.4678955 0.46995544 0.47314453 0.4747162 0.475708 0.4816742 0.48934937 0.4933777 0.5046234 0.49964905 0.48898315 0.49284363 0.48779297 0.48764038 0.47935486 0.47608948 0.47328186 0.47862244 0.4818573 0.48127747 0.47947693 0.47764587 0.47724915 0.47901917 0.48698425
0.46392822 0.4650421 0.46444702 0.4662323 0.4638977 0.46913147 0.47332764 0.47453308 0.47550964 0.47618103 0.4831848 0.4933777 0.500412 0.50323486 0.49856567 0.4907837 0.48498535 0.47937012 0.4765625 0.4724884 0.47235107 0.47891235 0.4797821 0.48690796 0.48924255 0.4889984 0.49172974 0.48414612 0.4892578 0.4872284
0.46481323 0.46316528 0.46821594 0.46575928 0.46447754 0.47000122 0.47257996 0.4777069 0.48234558 0.4844818 0.4919281 0.49942017 0.50227356 0.49757385 0.49305725 0.48402405 0.4796753 0.4693756 0.4746704 0.4752655 0.48091125 0.4802246 0.48649597 0.48999023 0.49499512 0.4962921 0.49865723 0.49749756 0.49588013 0.49441528

