Output of ReLU quantized (shape: (1, 8, 30, 30)):

=== Batch 0 ===
-- Channel 0 --
0.32821655 0.36160278 0.3161316 0.2892456 0.2718506 0.24034119 0.23876953 0.26094055 0.14385986 0.047592163 0.07034302 0.080459595 0.15953064 0.2944641 0.34532166 0.29878235 0.2965393 0.3022766 0.31733704 0.3176117 0.33789062 0.33877563 0.33517456 0.33520508 0.33450317 0.32086182 0.31632996 0.31036377 0.31340027 0.32333374
0.34440613 0.28137207 0.16009521 0.22724915 0.24609375 0.25028992 0.19145203 0.20632935 0.19621277 0.16236877 0.17318726 0.21125793 0.23210144 0.26405334 0.28009033 0.26257324 0.22718811 0.24804688 0.26971436 0.3123169 0.3108368 0.3240204 0.31947327 0.3291626 0.33624268 0.3304596 0.32250977 0.3127594 0.31852722 0.32577515
0.2337799 0.15348816 0.08998108 0.21272278 0.24183655 0.21827698 0.14302063 0.23973083 0.22735596 0.21885681 0.23188782 0.22163391 0.21128845 0.1930542 0.15585327 0.12611389 0.11933899 0.23493958 0.20159912 0.2767334 0.2748108 0.30078125 0.29714966 0.32707214 0.34165955 0.33433533 0.3243866 0.31347656 0.31669617 0.3277588
0.118270874 0.03942871 0.14434814 0.14198303 0.08961487 0.20085144 0.13066101 0.16908264 0.1825409 0.14024353 0.09403992 0.05532837 0.048812866 0.033813477 0.036499023 0.023208618 0.022979736 0.17572021 0.11772156 0.18133545 0.2308197 0.26634216 0.27674866 0.33058167 0.3453827 0.3367157 0.32380676 0.31410217 0.31889343 0.3216858
0.12728882 0.03643799 0.18093872 0.06903076 0.096221924 0.14732361 0.03401184 0.11894226 0.037643433 0.051956177 0.07521057 0.02923584 0.042175293 0.053085327 0.06466675 0.044799805 0.03678894 0.17050171 0.036209106 0.16333008 0.16908264 0.2518158 0.26860046 0.31871033 0.3380127 0.3334198 0.32333374 0.3142395 0.31619263 0.32696533
0.12901306 0.095947266 0.18267822 0.04446411 0.122543335 0.16191101 0.049468994 0.18969727 0.07594299 0.13157654 0.13925171 0.08081055 0.0847168 0.08370972 0.09353638 0.05758667 0.041488647 0.116485596 0.08781433 0.106903076 0.16184998 0.24603271 0.30895996 0.32266235 0.28555298 0.32406616 0.31622314 0.31159973 0.31806946 0.32711792
0.11013794 0.07875061 0.19337463 0.093322754 0.09387207 0.1343689 0.15881348 0.16905212 0.13084412 0.19473267 0.16593933 0.06265259 0.10531616 0.08654785 0.09442139 0.034622192 0.016784668 0.14987183 0.09971619 0.10948181 0.13941956 0.28315735 0.33145142 0.2554474 0.26019287 0.3160553 0.3118744 0.32176208 0.3249817 0.3191223
0.08343506 0.08198547 0.13278198 0.11395264 0.13087463 0.16217041 0.1728363 0.16497803 0.14170837 0.17070007 0.12428284 0.060821533 0.12919617 0.08502197 0.08018494 0.074645996 0.07136536 0.20283508 0.13032532 0.11859131 0.13075256 0.3262329 0.30548096 0.2190094 0.2328186 0.30818176 0.3223877 0.32629395 0.3290863 0.3184204
0.043624878 0.07220459 0.14450073 0.13113403 0.16081238 0.19125366 0.14813232 0.15637207 0.16574097 0.16386414 0.21000671 0.18333435 0.027664185 0.06668091 0.14035034 0.121276855 0.20811462 0.17138672 0.17971802 0.10255432 0.1522522 0.3283844 0.27897644 0.23965454 0.23452759 0.31259155 0.33461 0.33503723 0.3140564 0.3130188
0.045562744 0.12054443 0.18197632 0.22457886 0.22441101 0.23904419 0.23687744 0.22822571 0.23847961 0.29699707 0.31515503 0.20724487 0.049484253 0.17546082 0.23049927 0.22317505 0.20751953 0.21330261 0.123535156 0.12882996 0.23800659 0.30329895 0.250412 0.26135254 0.24447632 0.31427002 0.3318329 0.32780457 0.30223083 0.31210327
0.09338379 0.18061829 0.2790985 0.32362366 0.34384155 0.3406372 0.34840393 0.35697937 0.3581543 0.34735107 0.31713867 0.14614868 0.08868408 0.25257874 0.29457092 0.26083374 0.282547 0.20980835 0.21234131 0.22650146 0.25230408 0.2202301 0.26512146 0.26411438 0.2375946 0.30989075 0.31556702 0.31715393 0.30047607 0.32473755
0.19029236 0.20462036 0.29397583 0.3340454 0.3659973 0.39953613 0.3324585 0.30784607 0.20436096 0.23477173 0.18865967 0.1690979 0.13468933 0.23631287 0.24053955 0.20956421 0.24520874 0.2759552 0.22402954 0.25473022 0.22697449 0.23394775 0.25463867 0.28430176 0.31489563 0.2814026 0.26748657 0.36341858 0.2956543 0.30845642
0.13031006 0.17953491 0.15901184 0.28511047 0.32359314 0.34120178 0.27316284 0.08407593 0.11715698 0.20092773 0.19546509 0.23434448 0.25108337 0.27424622 0.26846313 0.25253296 0.24726868 0.24938965 0.27134705 0.19947815 0.2306366 0.2399292 0.26461792 0.3259735 0.34570312 0.22058105 0.26104736 0.1895752 0.20539856 0.24160767
0.0662384 0.034179688 0.060440063 0.22920227 0.33883667 0.19058228 0.10647583 0.031906128 0.14004517 0.25839233 0.23591614 0.279953 0.31333923 0.38502502 0.21304321 0.24894714 0.2754364 0.28868103 0.2230835 0.23658752 0.28849792 0.27378845 0.2441101 0.32588196 0.30497742 0.1281128 0.06892395 0.027374268 0.122283936 0.10910034
0.04824829 0.0107421875 0.0 0.2457428 0.25120544 0.23838806 0.17375183 0.16253662 0.26480103 0.31521606 0.2695923 0.2626648 0.33724976 0.3336029 0.21499634 0.23594666 0.2619629 0.2757721 0.27198792 0.24577332 0.2832489 0.2512207 0.22819519 0.31069946 0.2715149 0.048233032 0.0 0.103515625 0.27391052 0.11315918
0.049194336 0.012969971 0.0 0.21803284 0.26312256 0.21530151 0.266037 0.2669983 0.3056488 0.32510376 0.25778198 0.2672882 0.32582092 0.3073883 0.2616272 0.20191956 0.28616333 0.28433228 0.28067017 0.28175354 0.28323364 0.24691772 0.21524048 0.31622314 0.23956299 0.04095459 0.05229187 0.16096497 0.18878174 0.1290741
0.046829224 0.008239746 0.0 0.22653198 0.2692871 0.2568512 0.29011536 0.3040924 0.31245422 0.32821655 0.2783661 0.2775421 0.31098938 0.35469055 0.23991394 0.23332214 0.29478455 0.2815857 0.27407837 0.27215576 0.27989197 0.27166748 0.24736023 0.28128052 0.22740173 0.1647644 0.08683777 0.12890625 0.13774109 0.09291077
0.043533325 0.002319336 0.0 0.22921753 0.26423645 0.27850342 0.28434753 0.30566406 0.3302765 0.348114 0.29510498 0.31246948 0.33676147 0.31866455 0.28230286 0.24363708 0.30412292 0.28648376 0.22743225 0.25816345 0.28807068 0.27027893 0.25575256 0.23744202 0.27593994 0.19107056 0.101638794 0.13981628 0.16818237 0.15904236
0.047714233 0.016601562 0.0 0.23452759 0.29460144 0.3031311 0.2816925 0.32954407 0.31959534 0.36032104 0.30345154 0.29803467 0.2987976 0.36502075 0.33299255 0.21977234 0.30490112 0.2546234 0.17918396 0.26376343 0.27546692 0.25598145 0.20576477 0.2210846 0.2833252 0.14585876 0.016189575 0.05606079 0.099746704 0.1098938
0.036514282 0.016540527 0.0 0.24505615 0.31956482 0.2722473 0.24949646 0.40420532 0.32066345 0.24713135 0.23077393 0.28985596 0.37260437 0.37817383 0.2166748 0.14683533 0.1933136 0.22103882 0.1894989 0.24212646 0.2415924 0.21478271 0.19429016 0.22180176 0.2772827 0.083969116 0.034423828 0.06782532 0.087890625 0.05949402
0.085113525 0.008575439 0.0 0.25204468 0.31785583 0.24728394 0.27520752 0.32611084 0.21659851 0.14318848 0.2743988 0.28457642 0.43362427 0.23947144 0.09861755 0.061141968 0.13693237 0.22357178 0.18388367 0.23423767 0.23098755 0.22599792 0.23086548 0.27330017 0.24427795 0.117996216 0.078048706 0.10812378 0.105773926 0.08239746
0.060897827 0.029876709 0.0 0.25689697 0.29441833 0.27005005 0.28555298 0.26837158 0.12792969 0.16343689 0.25476074 0.37467957 0.31877136 0.1035614 0.03250122 0.0023498535 0.050338745 0.21212769 0.19502258 0.19950867 0.21774292 0.23443604 0.27082825 0.29179382 0.22822571 0.09843445 0.090042114 0.086761475 0.08592224 0.07154846
0.074920654 0.023971558 0.06515503 0.24607849 0.27638245 0.25312805 0.22120667 0.20864868 0.19204712 0.224823 0.3171997 0.31784058 0.14941406 0.0039520264 0.10284424 0.02218628 0.0 0.17588806 0.21429443 0.23008728 0.24383545 0.28852844 0.3015747 0.21725464 0.13386536 0.08013916 0.045394897 0.055847168 0.06575012 0.06800842
0.072891235 0.077316284 0.10102844 0.22880554 0.2546997 0.2512207 0.2294159 0.24136353 0.24401855 0.22894287 0.2917633 0.17144775 0.0 0.08100891 0.15045166 0.04875183 0.0 0.14552307 0.2414856 0.25920105 0.2912445 0.27304077 0.17971802 0.10292053 0.047805786 0.023025513 0.024658203 0.047180176 0.06362915 0.069000244
0.07965088 0.067337036 0.0920105 0.13339233 0.15324402 0.18016052 0.23027039 0.26197815 0.23025513 0.21394348 0.16868591 0.044769287 0.0 0.19857788 0.16667175 0.0819397 0.0 0.13937378 0.26783752 0.2919159 0.2192688 0.14027405 0.07810974 0.031448364 0.018554688 0.024154663 0.044509888 0.061141968 0.06315613 0.072753906
0.051635742 0.060806274 0.07208252 0.08024597 0.08799744 0.09561157 0.113220215 0.12193298 0.11180115 0.099243164 0.08103943 0.0 0.061813354 0.229599 0.13606262 0.08850098 0.01701355 0.12634277 0.23834229 0.17791748 0.10072327 0.05583191 0.021057129 0.023956299 0.030380249 0.041885376 0.05747986 0.06265259 0.06210327 0.07209778
0.040786743 0.050735474 0.066848755 0.07157898 0.074905396 0.07400513 0.089416504 0.06512451 0.053741455 0.07394409 0.05130005 0.003540039 0.08518982 0.16363525 0.07183838 0.10232544 0.031326294 0.09213257 0.12924194 0.083114624 0.031814575 0.018936157 0.021331787 0.037963867 0.03515625 0.04977417 0.056152344 0.056854248 0.06607056 0.07417297
0.049987793 0.05659485 0.06036377 0.059783936 0.06417847 0.07043457 0.07673645 0.060958862 0.062179565 0.075927734 0.04637146 0.01008606 0.077545166 0.110687256 0.08274841 0.082458496 0.026443481 0.030471802 0.035873413 0.02355957 0.019836426 0.022857666 0.034866333 0.03729248 0.047302246 0.05581665 0.04725647 0.060913086 0.06820679 0.061782837
0.037002563 0.044647217 0.05558777 0.05670166 0.060287476 0.06468201 0.06916809 0.06137085 0.06488037 0.054367065 0.034118652 0.013259888 0.048233032 0.08660889 0.10127258 0.06265259 0.019088745 0.019515991 0.018218994 0.019195557 0.026382446 0.033447266 0.03427124 0.047088623 0.053268433 0.022399902 0.061828613 0.09486389 0.06271362 0.0552063
0.027786255 0.02658081 0.03163147 0.034851074 0.042800903 0.051727295 0.059661865 0.053390503 0.04458618 0.03744507 0.027526855 0.020355225 0.033569336 0.097473145 0.093933105 0.03994751 0.018493652 0.022094727 0.023361206 0.026428223 0.029907227 0.038604736 0.04360962 0.04458618 0.04156494 0.04864502 0.07678223 0.079452515 0.059768677 0.052230835

-- Channel 1 --
0.30566406 0.22090149 0.17500305 0.19236755 0.2776947 0.34065247 0.21568298 0.0 0.004180908 0.116485596 0.13697815 0.16159058 0.27529907 0.33995056 0.31700134 0.35075378 0.28408813 0.329422 0.335083 0.33312988 0.3262024 0.31765747 0.32017517 0.3166046 0.30459595 0.30241394 0.30804443 0.31056213 0.31419373 0.31910706
0.13931274 0.112976074 0.35723877 0.34622192 0.22349548 0.088256836 0.13720703 0.2523346 0.26730347 0.16607666 0.16734314 0.17263794 0.13000488 0.14805603 0.3076172 0.37265015 0.38450623 0.38276672 0.37165833 0.3407898 0.3396759 0.3250885 0.32458496 0.31549072 0.30690002 0.30549622 0.30570984 0.31608582 0.32177734 0.31784058
0.106552124 0.22575378 0.2525177 0.094314575 0.08694458 0.21304321 0.3640747 0.22991943 0.089660645 0.102127075 0.1357727 0.18167114 0.21333313 0.20339966 0.19671631 0.23327637 0.3816681 0.32078552 0.39175415 0.34223938 0.37072754 0.3438568 0.34999084 0.3257599 0.30439758 0.2986145 0.29562378 0.31658936 0.32011414 0.32302856
0.0693512 0.10374451 0.0 0.16941833 0.21321106 0.120391846 0.09637451 0.02986145 0.14466858 0.15637207 0.11590576 0.07798767 0.04901123 0.035247803 0.03591919 0.06367493 0.116622925 0.11767578 0.32453918 0.3436432 0.32824707 0.35194397 0.368515 0.3299713 0.31759644 0.30885315 0.30021667 0.30885315 0.31446838 0.31776428
0.077941895 0.16029358 0.0014648438 0.24317932 0.12548828 0.0 0.11856079 0.065475464 0.021987915 0.0 0.0 0.019836426 0.009002686 0.0073242188 0.016738892 0.08546448 0.061553955 0.087127686 0.2503357 0.33293152 0.33174133 0.33798218 0.3465271 0.3315277 0.31878662 0.3106537 0.30513 0.30271912 0.30880737 0.3086548
0.11288452 0.1179657 0.015426636 0.124938965 0.070617676 0.25228882 0.22042847 0.027618408 0.104400635 0.023727417 0.0 0.0634613 0.058288574 0.04585266 0.049591064 0.13504028 0.091812134 0.12576294 0.1543274 0.2394104 0.3365631 0.30186462 0.2940216 0.31463623 0.33766174 0.3000183 0.30758667 0.3130188 0.3079834 0.29518127
0.19639587 0.114746094 0.18157959 0.13987732 0.08430481 0.22117615 0.09550476 0.120773315 0.15498352 0.06314087 0.06277466 0.10676575 0.07392883 0.06739807 0.05218506 0.14265442 0.13238525 0.14935303 0.11256409 0.23918152 0.3050232 0.2489624 0.16952515 0.3202057 0.38224792 0.30993652 0.31002808 0.30645752 0.29730225 0.29389954
0.24002075 0.104263306 0.1055603 0.09925842 0.13877869 0.10169983 0.09790039 0.2529602 0.090164185 0.06109619 0.13188171 0.11444092 0.033691406 0.06741333 0.09838867 0.14500427 0.13493347 0.13395691 0.20118713 0.29379272 0.33763123 0.2087555 0.23060608 0.3360443 0.32011414 0.3171997 0.2982025 0.283432 0.2932129 0.30569458
0.15823364 0.20465088 0.23014832 0.17454529 0.15846252 0.1377716 0.12641907 0.15489197 0.15196228 0.13699341 0.08799744 0.032989502 0.17926025 0.15470886 0.108428955 0.110183716 0.027282715 0.111328125 0.17073059 0.3258667 0.33639526 0.21212769 0.29756165 0.28315735 0.31478882 0.3338318 0.31176758 0.29260254 0.28651428 0.27316284
0.26657104 0.2761078 0.2707367 0.24945068 0.21070862 0.24693298 0.23713684 0.19741821 0.21662903 0.09713745 0.0 0.094558716 0.47712708 0.2644348 0.1804657 0.15605164 0.080566406 0.1466217 0.12879944 0.27687073 0.20950317 0.2594757 0.29031372 0.2683258 0.34413147 0.31588745 0.30891418 0.3154602 0.3302002 0.29608154
0.24996948 0.23321533 0.26719666 0.29248047 0.31207275 0.3037262 0.30041504 0.30763245 0.26913452 0.17733765 0.11753845 0.19850159 0.25 0.22050476 0.28074646 0.3045807 0.28009033 0.2322998 0.27182007 0.15475464 0.12594604 0.35183716 0.26583862 0.28736877 0.32530212 0.29537964 0.30223083 0.3040619 0.3417511 0.31115723
0.31697083 0.39816284 0.35298157 0.31492615 0.2774048 0.22720337 0.2448883 0.2311554 0.3126526 0.2952118 0.29690552 0.25926208 0.09857178 0.1715393 0.22050476 0.22795105 0.21734619 0.2050476 0.21803284 0.19589233 0.3022461 0.3148651 0.21374512 0.2801361 0.23432922 0.2978363 0.31855774 0.24397278 0.29985046 0.30952454
0.2707367 0.36453247 0.41906738 0.29031372 0.14491272 0.05784607 0.12605286 0.35307312 0.38809204 0.27516174 0.28736877 0.24638367 0.21028137 0.213974 0.22789001 0.22846985 0.21391296 0.20126343 0.23088074 0.28874207 0.26367188 0.17956543 0.23927307 0.12666321 0.069000244 0.3049469 0.21018982 0.18836975 0.20794678 0.23388672
0.081466675 0.21400452 0.4340515 0.2939911 0.12449646 0.10902405 0.12478638 0.31736755 0.15319824 0.17327881 0.25541687 0.29718018 0.2889099 0.18858337 0.29574585 0.26841736 0.28720093 0.22015381 0.19239807 0.2859497 0.20935059 0.2375946 0.2528534 0.052383423 0.0 0.11810303 0.2268219 0.41723633 0.13369751 0.06211853
0.06913757 0.22216797 0.3189087 0.19892883 0.21640015 0.32273865 0.26618958 0.18469238 0.18577576 0.2501831 0.30026245 0.31741333 0.17207336 0.17944336 0.39772034 0.28929138 0.22651672 0.25912476 0.28172302 0.18008423 0.17910767 0.26246643 0.25680542 0.06896973 0.0 0.029846191 0.25531006 0.24104309 0.17277527 0.3203125
0.068603516 0.22836304 0.3232727 0.26556396 0.2928772 0.21766663 0.29457092 0.24693298 0.27044678 0.25138855 0.28425598 0.32243347 0.19480896 0.23182678 0.17428589 0.34933472 0.2763214 0.26513672 0.26582336 0.25050354 0.24629211 0.25216675 0.20317078 0.07128906 0.079574585 0.13963318 0.14437866 0.0 0.18595886 0.45036316
0.07356262 0.23425293 0.32537842 0.27822876 0.28173828 0.3005829 0.29742432 0.3150177 0.28277588 0.26463318 0.29917908 0.30307007 0.28131104 0.18763733 0.15429688 0.32191467 0.27018738 0.26524353 0.2649994 0.25938416 0.2467041 0.2468872 0.21154785 0.12358093 0.13639832 0.095825195 0.14671326 0.16348267 0.24487305 0.089157104
0.07620239 0.23709106 0.3287506 0.28442383 0.30615234 0.3152771 0.31756592 0.31695557 0.28224182 0.2763977 0.30506897 0.306427 0.29849243 0.26901245 0.29127502 0.15431213 0.23114014 0.25109863 0.29211426 0.25794983 0.20043945 0.21333313 0.19680786 0.1855011 0.05508423 0.01828003 0.1776123 0.2083435 0.21784973 0.15782166
0.06410217 0.23547363 0.33143616 0.28468323 0.2687683 0.29405212 0.36972046 0.34396362 0.3182373 0.2791443 0.29255676 0.27616882 0.29699707 0.28549194 0.26470947 0.25123596 0.1787262 0.24098206 0.34770203 0.23565674 0.1873169 0.18710327 0.19822693 0.1855011 0.0 0.050857544 0.08711243 0.04118347 0.053833008 0.06163025
0.045944214 0.21531677 0.3425293 0.26457214 0.18675232 0.2668152 0.3031311 0.2937622 0.3736267 0.34342957 0.34791565 0.32572937 0.1751709 0.050048828 0.26271057 0.38006592 0.23422241 0.23275757 0.25282288 0.22221375 0.2255249 0.21009827 0.20477295 0.070755005 0.0 0.12797546 0.10559082 0.044311523 0.0062713623 0.0057525635
0.0657959 0.23374939 0.35069275 0.2518463 0.19511414 0.26411438 0.11608887 0.14105225 0.39082336 0.5079651 0.27601624 0.17887878 0.0 0.07595825 0.26916504 0.31729126 0.34605408 0.182724 0.1713562 0.25317383 0.26696777 0.24916077 0.21699524 0.0750885 0.07295227 0.11172485 0.0723114 0.050308228 0.052352905 0.09526062
0.053848267 0.24153137 0.37257385 0.25299072 0.22242737 0.20957947 0.07197571 0.15705872 0.3214264 0.30778503 0.18041992 0.08175659 0.0 0.15776062 0.07054138 0.14326477 0.31829834 0.2675476 0.23538208 0.22624207 0.22302246 0.20878601 0.16229248 0.06777954 0.10064697 0.05168152 0.09492493 0.09991455 0.10360718 0.08921814
0.08256531 0.24949646 0.31941223 0.31755066 0.3113861 0.21078491 0.10549927 0.14422607 0.20478821 0.16920471 0.16726685 0.0 0.14755249 0.10379028 0.0 0.14317322 0.2851715 0.25308228 0.22607422 0.22573853 0.20413208 0.14117432 0.052505493 0.066711426 0.12361145 0.11010742 0.09397888 0.093063354 0.082977295 0.07052612
0.094833374 0.1602478 0.14892578 0.3072052 0.3717804 0.38198853 0.31062317 0.18960571 0.08824158 0.0859375 0.057434082 0.12136841 0.31289673 0.042999268 0.0 0.12557983 0.27000427 0.2578888 0.19110107 0.18991089 0.1260376 0.042800903 0.081588745 0.13417053 0.08491516 0.065582275 0.07020569 0.054748535 0.061843872 0.052017212
0.07229614 0.09713745 0.09950256 0.13600159 0.1720581 0.22169495 0.25204468 0.2298584 0.18566895 0.13935852 0.10122681 0.28442383 0.252594 0.0 0.032852173 0.08407593 0.22842407 0.2891388 0.16131592 0.07873535 0.057113647 0.10058594 0.1212616 0.058395386 0.044937134 0.063430786 0.049926758 0.05393982 0.07235718 0.058929443
0.068237305 0.081085205 0.06903076 0.080215454 0.08491516 0.0753479 0.068878174 0.09942627 0.1272583 0.06794739 0.072906494 0.19728088 0.08538818 0.028335571 0.1257782 0.094192505 0.16600037 0.17727661 0.073654175 0.05317688 0.108688354 0.09674072 0.04147339 0.036895752 0.05606079 0.05278015 0.05014038 0.07597351 0.08198547 0.058502197
0.084732056 0.06463623 0.068481445 0.07235718 0.07020569 0.059295654 0.051345825 0.060531616 0.057861328 0.018661499 0.07096863 0.16053772 0.033218384 0.07003784 0.06707764 0.031326294 0.045715332 0.058944702 0.110061646 0.117263794 0.057022095 0.036697388 0.04612732 0.044647217 0.049926758 0.045913696 0.059661865 0.06903076 0.06619263 0.0488739
0.07810974 0.0773468 0.08100891 0.07644653 0.076293945 0.059799194 0.041229248 0.05480957 0.046661377 0.013839722 0.06484985 0.09971619 0.06956482 0.11853027 0.0058288574 0.00831604 0.023834229 0.016784668 0.05583191 0.04006958 0.03387451 0.04623413 0.0488739 0.053100586 0.053726196 0.0513916 0.06752014 0.05784607 0.04763794 0.049102783
0.027755737 0.05482483 0.07588196 0.08590698 0.08728027 0.07043457 0.05831909 0.05204773 0.02619934 0.034729004 0.07182312 0.08078003 0.08779907 0.08831787 0.0 0.030731201 0.026870728 0.029342651 0.024261475 0.030700684 0.040100098 0.045303345 0.051101685 0.067230225 0.04208374 0.07788086 0.06489563 0.029846191 0.047592163 0.054473877
0.020965576 0.019744873 0.019866943 0.038024902 0.05430603 0.062164307 0.05947876 0.044418335 0.03593445 0.053344727 0.05381775 0.06585693 0.09780884 0.042922974 0.012878418 0.046447754 0.029968262 0.03340149 0.033966064 0.040420532 0.044036865 0.04800415 0.054153442 0.049987793 0.08274841 0.10888672 0.02609253 0.016540527 0.057769775 0.055114746

-- Channel 2 --
0.0 0.0 0.0 0.0 0.0 0.0 0.0 0.0 0.0 0.0 0.0 0.0 0.0 0.0 0.0 0.0 0.0 0.0 0.0 0.0 0.0 0.0 0.0 0.0 0.0 0.0 0.0 0.0 0.0 0.0
0.0 0.0 0.0 0.0 0.0 0.0 0.0 0.0 0.0 0.0 0.0 0.0 0.0 0.0 0.0 0.0 0.0 0.0 0.0 0.0 0.0 0.0 0.0 0.0 0.0 0.0 0.0 0.0 0.0 0.0
0.0 0.0 0.0 0.0 0.0 0.0 0.0 0.0 0.0 0.0 0.0 0.0 0.0 0.0 0.0 0.0 0.0 0.0 0.0 0.0 0.0 0.0 0.0 0.0 0.0 0.0 0.0 0.0 0.0 0.0
0.0 0.0 0.0 0.0 0.0 0.0 0.0 0.0 0.0 0.0 0.0 0.0 0.0 0.0 0.0 0.0 0.0 0.0 0.0 0.0 0.0 0.0 0.0 0.0 0.0 0.0 0.0 0.0 0.0 0.0
0.0 0.0 0.0 0.0 0.0 0.0 0.0 0.0 0.0 0.0 0.0 0.0 0.0 0.0 0.0 0.0 0.0 0.0 0.0 0.0 0.0 0.0 0.0 0.0 0.0 0.0 0.0 0.0 0.0 0.0
0.0 0.0 0.0 0.0 0.0 0.0 0.0 0.0 0.0 0.0 0.0 0.0 0.0 0.0 0.0 0.0 0.0 0.0 0.0 0.0 0.0 0.0 0.0 0.0 0.0 0.0 0.0 0.0 0.0 0.0
0.0 0.0 0.0 0.0 0.0 0.0 0.0 0.0 0.0 0.0 0.0 0.0 0.0 0.0 0.0 0.0 0.0 0.0 0.0 0.0 0.0 0.0 0.0 0.0 0.0 0.0 0.0 0.0 0.0 0.0
0.0 0.0 0.0 0.0 0.0 0.0 0.0 0.0 0.0 0.0 0.0 0.0 0.0 0.0 0.0 0.0 0.0 0.0 0.0 0.0 0.0 0.0 0.0 0.0 0.0 0.0 0.0 0.0 0.0 0.0
0.0 0.0 0.0 0.0 0.0 0.0 0.0 0.0 0.0 0.0 0.0 0.0 0.0 0.0 0.0 0.0 0.0 0.0 0.0 0.0 0.0 0.0 0.0 0.0 0.0 0.0 0.0 0.0 0.0 0.0
0.0 0.0 0.0 0.0 0.0 0.0 0.0 0.0 0.0 0.0 0.0 0.0 0.0 0.0 0.0 0.0 0.0 0.0 0.0 0.0 0.0 0.0 0.0 0.0 0.0 0.0 0.0 0.0 0.0 0.0
0.0 0.0 0.0 0.0 0.0 0.0 0.0 0.0 0.0 0.0 0.0 0.0 0.0 0.0 0.0 0.0 0.0 0.0 0.0 0.0 0.0 0.0 0.0 0.0 0.0 0.0 0.0 0.0 0.0 0.0
0.0 0.0 0.0 0.0 0.0 0.0 0.0 0.0 0.0 0.0 0.0 0.0 0.0 0.0 0.0 0.0 0.0 0.0 0.0 0.0 0.0 0.0 0.0 0.0 0.0 0.0 0.0 0.0 0.0 0.0
0.0 0.0 0.0 0.0 0.0 0.0 0.0 0.0 0.0 0.0 0.0 0.0 0.0 0.0 0.0 0.0 0.0 0.0 0.0 0.0 0.0 0.0 0.0 0.0 0.0 0.0 0.0 0.0 0.0 0.0
0.0 0.0 0.0 0.0 0.0 0.0 0.0 0.0 0.0 0.0 0.0 0.0 0.0 0.0 0.0 0.0 0.0 0.0 0.0 0.0 0.0 0.0 0.0 0.0 0.0 0.0 0.0 0.0 0.0 0.0
0.0 0.0 0.0 0.0 0.0 0.0 0.0 0.0 0.0 0.0 0.0 0.0 0.0 0.0 0.0 0.0 0.0 0.0 0.0 0.0 0.0 0.0 0.0 0.0 0.0 0.0 0.0 0.0 0.0 0.0
0.0 0.0 0.0 0.0 0.0 0.0 0.0 0.0 0.0 0.0 0.0 0.0 0.0 0.0 0.0 0.0 0.0 0.0 0.0 0.0 0.0 0.0 0.0 0.0 0.0 0.0 0.0 0.0 0.0 0.0
0.0 0.0 0.0 0.0 0.0 0.0 0.0 0.0 0.0 0.0 0.0 0.0 0.0 0.0 0.0 0.0 0.0 0.0 0.0 0.0 0.0 0.0 0.0 0.0 0.0 0.0 0.0 0.0 0.0 0.0
0.0 0.0 0.0 0.0 0.0 0.0 0.0 0.0 0.0 0.0 0.0 0.0 0.0 0.0 0.0 0.0 0.0 0.0 0.0 0.0 0.0 0.0 0.0 0.0 0.0 0.0 0.0 0.0 0.0 0.0
0.0 0.0 0.0 0.0 0.0 0.0 0.0 0.0 0.0 0.0 0.0 0.0 0.0 0.0 0.0 0.0 0.0 0.0 0.0 0.0 0.0 0.0 0.0 0.0 0.0 0.0 0.0 0.0 0.0 0.0
0.0 0.0 0.0 0.0 0.0 0.0 0.0 0.0 0.0 0.0 0.0 0.0 0.0 0.0 0.0 0.0 0.0 0.0 0.0 0.0 0.0 0.0 0.0 0.0 0.0 0.0 0.0 0.0 0.0 0.0
0.0 0.0 0.0 0.0 0.0 0.0 0.0 0.0 0.0 0.0 0.0 0.0 0.0 0.0 0.0 0.0 0.0 0.0 0.0 0.0 0.0 0.0 0.0 0.0 0.0 0.0 0.0 0.0 0.0 0.0
0.0 0.0 0.0 0.0 0.0 0.0 0.0 0.0 0.0 0.0 0.0 0.0 0.0 0.0 0.0 0.0 0.0 0.0 0.0 0.0 0.0 0.0 0.0 0.0 0.0 0.0 0.0 0.0 0.0 0.0
0.0 0.0 0.0 0.0 0.0 0.0 0.0 0.0 0.0 0.0 0.0 0.0 0.0 0.0 0.0 0.0 0.0 0.0 0.0 0.0 0.0 0.0 0.0 0.0 0.0 0.0 0.0 0.0 0.0 0.0
0.0 0.0 0.0 0.0 0.0 0.0 0.0 0.0 0.0 0.0 0.0 0.0 0.0 0.0 0.0 0.0 0.0 0.0 0.0 0.0 0.0 0.0 0.0 0.0 0.0 0.0 0.0 0.0 0.0 0.0
0.0 0.0 0.0 0.0 0.0 0.0 0.0 0.0 0.0 0.0 0.0 0.0 0.0 0.0 0.0 0.0 0.0 0.0 0.0 0.0 0.0 0.0 0.0 0.0 0.0 0.0 0.0 0.0 0.0 0.0
0.0 0.0 0.0 0.0 0.0 0.0 0.0 0.0 0.0 0.0 0.0 0.0 0.0 0.0 0.0 0.0 0.0 0.0 0.0 0.0 0.0 0.0 0.0 0.0 0.0 0.0 0.0 0.0 0.0 0.0
0.0 0.0 0.0 0.0 0.0 0.0 0.0 0.0 0.0 0.0 0.0 0.0 0.0 0.0 0.0 0.0 0.0 0.0 0.0 0.0 0.0 0.0 0.0 0.0 0.0 0.0 0.0 0.0 0.0 0.0
0.0 0.0 0.0 0.0 0.0 0.0 0.0 0.0 0.0 0.0 0.0 0.0 0.0 0.0 0.0 0.0 0.0 0.0 0.0 0.0 0.0 0.0 0.0 0.0 0.0 0.0 0.0 0.0 0.0 0.0
0.0 0.0 0.0 0.0 0.0 0.0 0.0 0.0 0.0 0.0 0.0 0.0 0.0 0.0 0.0 0.0 0.0 0.0 0.0 0.0 0.0 0.0 0.0 0.0 0.0 0.0 0.0 0.0 0.0 0.0
0.0 0.0 0.0 0.0 0.0 0.0 0.0 0.0 0.0 0.0 0.0 0.0 0.0 0.0 0.0 0.0 0.0 0.0 0.0 0.0 0.0 0.0 0.0 0.0 0.0 0.0 0.0 0.0 0.0 0.0

-- Channel 3 --
0.0 0.0 0.0 0.0 0.0 0.0 0.0 0.0 0.0 0.0 0.0 0.0 0.0 0.0 0.0 0.0 0.0 0.0 0.0 0.0 0.0 0.0 0.0 0.0 0.0 0.0 0.0 0.0 0.0 0.0
0.0 0.0 0.0 0.0 0.0 0.0 0.0 0.0 0.0 0.0 0.0 0.0 0.0 0.0 0.0 0.0 0.0 0.0 0.0 0.0 0.0 0.0 0.0 0.0 0.0 0.0 0.0 0.0 0.0 0.0
0.0 0.0 0.0 0.0 0.0 0.0 0.0 0.0 0.0 0.0 0.0 0.0 0.0 0.0 0.0 0.0 0.0 0.0 0.0 0.0 0.0 0.0 0.0 0.0 0.0 0.0 0.0 0.0 0.0 0.0
0.0 0.0 0.0 0.0 0.0 0.0 0.0 0.0 0.0 0.0 0.0 0.0 0.0 0.0 0.0 0.0 0.0 0.0 0.0 0.0 0.0 0.0 0.0 0.0 0.0 0.0 0.0 0.0 0.0 0.0
0.0 0.0 0.0 0.0 0.0 0.0 0.0 0.0 0.0 0.0 0.0 0.0 0.0 0.0 0.0 0.0 0.0 0.0 0.0 0.0 0.0 0.0 0.0 0.0 0.0 0.0 0.0 0.0 0.0 0.0
0.0 0.0 0.0 0.0 0.0 0.0 0.0 0.0 0.0 0.0 0.0 0.0 0.0 0.0 0.0 0.0 0.0 0.0 0.0 0.0 0.0 0.0 0.0 0.0 0.0 0.0 0.0 0.0 0.0 0.0
0.0 0.0 0.0 0.0 0.0 0.0 0.0 0.0 0.0 0.0 0.0 0.0 0.0 0.0 0.0 0.0 0.0 0.0 0.0 0.0 0.0 0.0 0.0 0.0 0.0 0.0 0.0 0.0 0.0 0.0
0.0 0.0 0.0 0.0 0.0 0.0 0.0 0.0 0.0 0.0 0.0 0.0 0.0 0.0 0.0 0.0 0.0 0.0 0.0 0.0 0.0 0.0 0.0 0.0 0.0 0.0 0.0 0.0 0.0 0.0
0.0 0.0 0.0 0.0 0.0 0.0 0.0 0.0 0.0 0.0 0.0 0.0 0.0 0.0 0.0 0.0 0.0 0.0 0.0 0.0 0.0 0.0 0.0 0.0 0.0 0.0 0.0 0.0 0.0 0.0
0.0 0.0 0.0 0.0 0.0 0.0 0.0 0.0 0.0 0.0 0.0 0.0 0.0 0.0 0.0 0.0 0.0 0.0 0.0 0.0 0.0 0.0 0.0 0.0 0.0 0.0 0.0 0.0 0.0 0.0
0.0 0.0 0.0 0.0 0.0 0.0 0.0 0.0 0.0 0.0 0.0 0.0 0.0 0.0 0.0 0.0 0.0 0.0 0.0 0.0 0.0 0.0 0.0 0.0 0.0 0.0 0.0 0.0 0.0 0.0
0.0 0.0 0.0 0.0 0.0 0.0 0.0 0.0 0.0 0.0 0.0 0.0 0.0 0.0 0.0 0.0 0.0 0.0 0.0 0.0 0.0 0.0 0.0 0.0 0.0 0.0 0.0 0.0 0.0 0.0
0.0 0.0 0.0 0.0 0.0 0.0 0.0 0.0 0.0 0.0 0.0 0.0 0.0 0.0 0.0 0.0 0.0 0.0 0.0 0.0 0.0 0.0 0.0 0.0 0.0 0.0 0.0 0.0 0.0 0.0
0.0 0.0 0.0 0.0 0.0 0.0 0.0 0.0 0.0 0.0 0.0 0.0 0.0 0.0 0.0 0.0 0.0 0.0 0.0 0.0 0.0 0.0 0.0 0.0 0.0 0.0 0.0 0.0 0.0 0.0
0.0 0.0 0.0 0.0 0.0 0.0 0.0 0.0 0.0 0.0 0.0 0.0 0.0 0.0 0.0 0.0 0.0 0.0 0.0 0.0 0.0 0.0 0.0 0.0 0.0 0.0 0.0 0.0 0.0 0.0
0.0 0.0 0.0 0.0 0.0 0.0 0.0 0.0 0.0 0.0 0.0 0.0 0.0 0.0 0.0 0.0 0.0 0.0 0.0 0.0 0.0 0.0 0.0 0.0 0.0 0.0 0.0 0.0 0.0 0.0
0.0 0.0 0.0 0.0 0.0 0.0 0.0 0.0 0.0 0.0 0.0 0.0 0.0 0.0 0.0 0.0 0.0 0.0 0.0 0.0 0.0 0.0 0.0 0.0 0.0 0.0 0.0 0.0 0.0 0.0
0.0 0.0 0.0 0.0 0.0 0.0 0.0 0.0 0.0 0.0 0.0 0.0 0.0 0.0 0.0 0.0 0.0 0.0 0.0 0.0 0.0 0.0 0.0 0.0 0.0 0.0 0.0 0.0 0.0 0.0
0.0 0.0 0.0 0.0 0.0 0.0 0.0 0.0 0.0 0.0 0.0 0.0 0.0 0.0 0.0 0.0 0.0 0.0 0.0 0.0 0.0 0.0 0.0 0.0 0.0 0.0 0.0 0.0 0.0 0.0
0.0 0.0 0.0 0.0 0.0 0.0 0.0 0.0 0.0 0.0 0.0 0.0 0.0 0.0 0.0 0.0 0.0 0.0 0.0 0.0 0.0 0.0 0.0 0.0 0.0 0.0 0.0 0.0 0.0 0.0
0.0 0.0 0.0 0.0 0.0 0.0 0.0 0.0 0.0 0.0 0.0 0.0 0.0 0.0 0.0 0.0 0.0 0.0 0.0 0.0 0.0 0.0 0.0 0.0 0.0 0.0 0.0 0.0 0.0 0.0
0.0 0.0 0.0 0.0 0.0 0.0 0.0 0.0 0.0 0.0 0.0 0.0 0.0 0.0 0.0 0.0 0.0 0.0 0.0 0.0 0.0 0.0 0.0 0.0 0.0 0.0 0.0 0.0 0.0 0.0
0.0 0.0 0.0 0.0 0.0 0.0 0.0 0.0 0.0 0.0 0.0 0.0 0.0 0.0 0.0 0.0 0.0 0.0 0.0 0.0 0.0 0.0 0.0 0.0 0.0 0.0 0.0 0.0 0.0 0.0
0.0 0.0 0.0 0.0 0.0 0.0 0.0 0.0 0.0 0.0 0.0 0.0 0.0 0.0 0.0 0.0 0.0 0.0 0.0 0.0 0.0 0.0 0.0 0.0 0.0 0.0 0.0 0.0 0.0 0.0
0.0 0.0 0.0 0.0 0.0 0.0 0.0 0.0 0.0 0.0 0.0 0.0040893555 0.0 0.0 0.0 0.0 0.0 0.0 0.0 0.0 0.0 0.0 0.0 0.0 0.0 0.0 0.0 0.0 0.0 0.0
0.0 0.0 0.0 0.0 0.0 0.0 0.0 0.0 0.0 0.0 0.0 0.0 0.0 0.0 0.0 0.0 0.0 0.0 0.0 0.0 0.0 0.0 0.0 0.0 0.0 0.0 0.0 0.0 0.0 0.0
0.0 0.0 0.0 0.0 0.0 0.0 0.0 0.0 0.0 0.0 0.0 0.0 0.0 0.0 0.0 0.0 0.0 0.0 0.0 0.0 0.0 0.0 0.0 0.0 0.0 0.0 0.0 0.0 0.0 0.0
0.0 0.0 0.0 0.0 0.0 0.0 0.0 0.0 0.0 0.0 0.0 0.0 0.0 0.0 0.0 0.0 0.0 0.0 0.0 0.0 0.0 0.0 0.0 0.0 0.0 0.0 0.0 0.0 0.0 0.0
0.0 0.0 0.0 0.0 0.0 0.0 0.0 0.0 0.0 0.0 0.0 0.0 0.0 0.0 0.0 0.0 0.0 0.0 0.0 0.0 0.0 0.0 0.0 0.0 0.0 0.0 0.0 0.0 0.0 0.0
0.0 0.0 0.0 0.0 0.0 0.0 0.0 0.0 0.0 0.0 0.0 0.0 0.0 0.0 0.0 0.0 0.0 0.0 0.0 0.0 0.0 0.0 0.0 0.0 0.0 0.0 0.0 0.0 0.0 0.0

-- Channel 4 --
0.43807983 0.39649963 0.348938 0.30628967 0.28897095 0.26319885 0.14053345 0.0 0.0 0.061462402 0.121154785 0.3080902 0.5368347 0.53318787 0.42648315 0.39889526 0.44332886 0.44844055 0.45474243 0.46305847 0.45335388 0.45025635 0.44651794 0.43095398 0.4187622 0.4142151 0.42155457 0.43348694 0.43389893 0.43452454
0.27801514 0.30473328 0.37268066 0.30355835 0.25213623 0.27211 0.26168823 0.1869049 0.13635254 0.23106384 0.29457092 0.3075409 0.34465027 0.40397644 0.44229126 0.43441772 0.43267822 0.44874573 0.4621582 0.45741272 0.44554138 0.4418335 0.44758606 0.43826294 0.4235382 0.4225464 0.4337616 0.44647217 0.45309448 0.45152283
0.14555359 0.24909973 0.3199768 0.2922516 0.2468872 0.25750732 0.34446716 0.26268005 0.23683167 0.26132202 0.28559875 0.2894745 0.24308777 0.18612671 0.23265076 0.3600464 0.46829224 0.4533081 0.46255493 0.45915222 0.46484375 0.45832825 0.46871948 0.4449005 0.42147827 0.4159546 0.43077087 0.4436493 0.45396423 0.45126343
0.0 0.11256409 0.18713379 0.10952759 0.14273071 0.14785767 0.21504211 0.1874237 0.1608429 0.10960388 0.074905396 0.05810547 0.0544281 0.051208496 0.047195435 0.15995789 0.281662 0.34109497 0.40275574 0.41809082 0.45132446 0.467865 0.48388672 0.45820618 0.43603516 0.41656494 0.42352295 0.44136047 0.44726562 0.4468994
0.049972534 0.08615112 0.094192505 0.22348022 0.1071167 0.01991272 0.116867065 0.0029754639 0.009475708 0.04762268 0.035614014 0.04374695 0.047698975 0.06745911 0.047454834 0.13578796 0.17590332 0.1567688 0.3959961 0.39250183 0.42933655 0.46305847 0.48799133 0.4589386 0.4431305 0.430542 0.42416382 0.4376526 0.44161987 0.4351654
0.1862793 0.16108704 0.0 0.25379944 0.24235535 0.10498047 0.17623901 0.104599 0.09051514 0.03300476 0.03794861 0.08337402 0.068847656 0.0705719 0.062072754 0.15718079 0.16369629 0.09561157 0.3247528 0.41757202 0.45393372 0.47190857 0.495636 0.43411255 0.4326477 0.42723083 0.42900085 0.43521118 0.43580627 0.41966248
0.16320801 0.24798584 0.09931946 0.16748047 0.19161987 0.24255371 0.20669556 0.1265564 0.1854248 0.062026978 0.016403198 0.100875854 0.077056885 0.0692749 0.04850769 0.18832397 0.24745178 0.13415527 0.25074768 0.37600708 0.47547913 0.39233398 0.37823486 0.44450378 0.45436096 0.4170227 0.42886353 0.43647766 0.42520142 0.4131012
0.19154358 0.16282654 0.12390137 0.20933533 0.15826416 0.19700623 0.25375366 0.13252258 0.12913513 0.041793823 0.044952393 0.1073761 0.071121216 0.061462402 0.07698059 0.1938324 0.27552795 0.19187927 0.24746704 0.38017273 0.49249268 0.33709717 0.29397583 0.42518616 0.4827118 0.42871094 0.4222107 0.41792297 0.4214325 0.41659546
0.21188354 0.25074768 0.15634155 0.21699524 0.206604 0.12501526 0.17178345 0.21138 0.15229797 0.12567139 0.17462158 0.099731445 0.0763855 0.14222717 0.11123657 0.22294617 0.18986511 0.17530823 0.26087952 0.43177795 0.4990387 0.3234558 0.32208252 0.42477417 0.49449158 0.46591187 0.4374237 0.4047699 0.3999939 0.40023804
0.29722595 0.35879517 0.34394836 0.3126526 0.32460022 0.3090515 0.28793335 0.30955505 0.32237244 0.18183899 0.109695435 0.27223206 0.3959961 0.33970642 0.2782898 0.20942688 0.20751953 0.10623169 0.21559143 0.46513367 0.46092224 0.32080078 0.35630798 0.421875 0.49172974 0.4610901 0.44377136 0.4316101 0.42826843 0.39126587
0.38182068 0.44822693 0.47052002 0.46754456 0.45819092 0.46842957 0.47601318 0.46124268 0.4319458 0.26669312 0.0 0.20831299 0.51290894 0.42863464 0.39460754 0.37387085 0.27062988 0.29484558 0.2911377 0.3559265 0.3480072 0.3611145 0.3651886 0.39553833 0.47250366 0.44506836 0.43351746 0.44950867 0.4721985 0.40994263
0.47148132 0.493927 0.46780396 0.45874023 0.47540283 0.4237976 0.38832092 0.32133484 0.33358765 0.2677765 0.15765381 0.18553162 0.3526001 0.2929535 0.2943573 0.33543396 0.32870483 0.31430054 0.3358307 0.29847717 0.34506226 0.3791504 0.36575317 0.42411804 0.44477844 0.40986633 0.43955994 0.42520142 0.47377014 0.4420166
0.4263153 0.4547577 0.44082642 0.37049866 0.26200867 0.2169342 0.16746521 0.2967987 0.35292053 0.34959412 0.3636322 0.34448242 0.3477173 0.31420898 0.32902527 0.34524536 0.283432 0.3246765 0.31999207 0.30967712 0.33377075 0.37493896 0.34321594 0.29644775 0.318985 0.38964844 0.24293518 0.20863342 0.30847168 0.3748932
0.16165161 0.38490295 0.4772644 0.40600586 0.13597107 0.0 0.11260986 0.31610107 0.38345337 0.36523438 0.430542 0.42707825 0.43862915 0.3085327 0.32504272 0.3989563 0.36012268 0.23968506 0.33914185 0.40879822 0.36187744 0.34806824 0.3240204 0.11909485 0.045684814 0.19706726 0.24838257 0.20388794 0.09210205 0.084503174
0.08230591 0.28173828 0.4992981 0.32380676 0.31199646 0.20948792 0.2479248 0.42980957 0.39286804 0.368042 0.42494202 0.4189148 0.31388855 0.34103394 0.39456177 0.35949707 0.38737488 0.34309387 0.31582642 0.3506012 0.2984314 0.336792 0.34062195 0.075927734 0.0 0.054153442 0.3251953 0.48083496 0.30725098 0.20614624
0.0869751 0.29000854 0.49925232 0.35820007 0.30274963 0.4028778 0.38752747 0.43959045 0.38357544 0.33494568 0.43733215 0.45210266 0.2561798 0.26687622 0.43330383 0.41322327 0.38056946 0.38101196 0.3859558 0.35705566 0.28807068 0.3201599 0.34031677 0.10620117 0.0 0.13931274 0.25234985 0.21995544 0.34892273 0.52975464
0.09158325 0.29211426 0.50367737 0.4056244 0.38905334 0.42651367 0.43878174 0.43858337 0.40631104 0.3615265 0.4255371 0.47027588 0.3620453 0.17929077 0.37226868 0.4671173 0.38516235 0.37763977 0.37542725 0.37442017 0.34474182 0.3502655 0.33117676 0.14593506 0.09753418 0.21511841 0.27879333 0.1347351 0.14653015 0.3753662
0.08720398 0.30155945 0.50520325 0.4165802 0.43133545 0.4426117 0.44334412 0.4543152 0.43154907 0.38697815 0.4449463 0.48706055 0.43501282 0.29985046 0.28431702 0.42686462 0.38500977 0.35604858 0.37501526 0.3715973 0.3315277 0.3415985 0.31011963 0.20149231 0.082962036 0.13597107 0.27529907 0.27270508 0.2781067 0.31088257
0.112976074 0.3110199 0.50779724 0.43144226 0.443985 0.47483826 0.49591064 0.46887207 0.42808533 0.3904419 0.40864563 0.41325378 0.46881104 0.43621826 0.33259583 0.3473816 0.3048706 0.35049438 0.41011047 0.35005188 0.28590393 0.25830078 0.29792786 0.23257446 0.020721436 0.0 0.10081482 0.13140869 0.14163208 0.1524353
0.089782715 0.31655884 0.51760864 0.40600586 0.3496704 0.4128418 0.5439148 0.50146484 0.34284973 0.3131256 0.43330383 0.43893433 0.3539276 0.27008057 0.36473083 0.33218384 0.23399353 0.3361969 0.41377258 0.33084106 0.2665863 0.24804688 0.27217102 0.18782043 0.0 0.039001465 0.11230469 0.09692383 0.03352356 0.035202026
0.090164185 0.28944397 0.5319214 0.37905884 0.2959137 0.34854126 0.36720276 0.32858276 0.39111328 0.44358826 0.41227722 0.36750793 0.12060547 0.05921936 0.30155945 0.4557953 0.2995453 0.26039124 0.36883545 0.34194946 0.33058167 0.32885742 0.33390808 0.16049194 0.028335571 0.10786438 0.15206909 0.11555481 0.080947876 0.084869385
0.08596802 0.31773376 0.55174255 0.35821533 0.278656 0.35708618 0.29533386 0.18919373 0.4500122 0.47479248 0.43075562 0.2030487 0.0 0.0 0.1182251 0.37760925 0.41778564 0.2919159 0.31254578 0.3244629 0.3407898 0.3514862 0.31982422 0.16531372 0.025375366 0.111953735 0.14016724 0.108688354 0.09138489 0.10205078
0.08732605 0.3734436 0.588089 0.4303131 0.31251526 0.26213074 0.19818115 0.22232056 0.47453308 0.49287415 0.2577362 0.045532227 0.0 0.071640015 0.061965942 0.24934387 0.42131042 0.3403778 0.35346985 0.34370422 0.3534851 0.30960083 0.17845154 0.09396362 0.065841675 0.075286865 0.10861206 0.10484314 0.10585022 0.12471008
0.123291016 0.2649994 0.4755249 0.47070312 0.4738922 0.42741394 0.30723572 0.2546997 0.2960205 0.31280518 0.12335205 0.014480591 0.13256836 0.08947754 0.0 0.23101807 0.4308777 0.36195374 0.3494873 0.34065247 0.26763916 0.13691711 0.06468201 0.036697388 0.040496826 0.06416321 0.09654236 0.111816406 0.10699463 0.107666016
0.10992432 0.15914917 0.22158813 0.25161743 0.31855774 0.40234375 0.39715576 0.29988098 0.23460388 0.15635681 0.07104492 0.15982056 0.31681824 0.13360596 0.0 0.16694641 0.4481964 0.39421082 0.29768372 0.21302795 0.1126709 0.048110962 0.025680542 0.042037964 0.059936523 0.08821106 0.10455322 0.10446167 0.102630615 0.08778381
0.088150024 0.111328125 0.11831665 0.119888306 0.13723755 0.16085815 0.17256165 0.15667725 0.11454773 0.05921936 0.028533936 0.24101257 0.31559753 0.12641907 0.031158447 0.108428955 0.37634277 0.33924866 0.13835144 0.07321167 0.044647217 0.025604248 0.045669556 0.060134888 0.077697754 0.09524536 0.10197449 0.10058594 0.10832214 0.09820557
0.07902527 0.09384155 0.091674805 0.09472656 0.098968506 0.098342896 0.07394409 0.076431274 0.08628845 0.04319763 0.08105469 0.23562622 0.17674255 0.050689697 0.07255554 0.03744507 0.20388794 0.2076416 0.07899475 0.014877319 0.037094116 0.05114746 0.061187744 0.061843872 0.08326721 0.091049194 0.08872986 0.1025238 0.113479614 0.09185791
0.105895996 0.09698486 0.0901947 0.091415405 0.09303284 0.0831604 0.06590271 0.08248901 0.082962036 0.02720642 0.06813049 0.20581055 0.13298035 0.05769348 0.06367493 0.003479004 0.048171997 0.057739258 0.03300476 0.03677368 0.050476074 0.069229126 0.06578064 0.07272339 0.09100342 0.08305359 0.08972168 0.10151672 0.09677124 0.07926941
0.07525635 0.0940094 0.10110474 0.1081543 0.1051178 0.08570862 0.06477356 0.07337952 0.059539795 0.02609253 0.06365967 0.15196228 0.13212585 0.071517944 0.03237915 0.003540039 0.029403687 0.028961182 0.038726807 0.04927063 0.054626465 0.061431885 0.07963562 0.07937622 0.06712341 0.09625244 0.116256714 0.09062195 0.082473755 0.07460022
0.03164673 0.037521362 0.051483154 0.07463074 0.09094238 0.0867157 0.06591797 0.051605225 0.046310425 0.033798218 0.062194824 0.1197052 0.14994812 0.07928467 0.01071167 0.017318726 0.04005432 0.042251587 0.04714966 0.055221558 0.05882263 0.064971924 0.07623291 0.08482361 0.12062073 0.123428345 0.07243347 0.058532715 0.08117676 0.07965088

-- Channel 5 --
0.539917 0.5109253 0.44415283 0.46647644 0.49853516 0.4265747 0.36076355 0.3318329 0.16053772 0.038009644 0.093429565 0.1582489 0.3337555 0.49424744 0.5294037 0.4696045 0.4805298 0.5190735 0.5294342 0.55677795 0.57369995 0.5729065 0.57266235 0.56944275 0.5561981 0.53852844 0.52597046 0.5262146 0.5386963 0.54859924
0.46339417 0.3509369 0.30873108 0.39485168 0.34059143 0.25328064 0.30743408 0.38905334 0.27493286 0.16960144 0.19139099 0.20046997 0.24668884 0.3690033 0.3704834 0.34127808 0.34544373 0.39949036 0.46617126 0.5077057 0.5339508 0.54837036 0.5514679 0.56752014 0.5713196 0.5527191 0.53756714 0.53149414 0.54415894 0.5527344
0.31736755 0.15748596 0.11328125 0.2660675 0.3536682 0.2779541 0.2781372 0.28108215 0.264328 0.27886963 0.31817627 0.35487366 0.35568237 0.3070984 0.21618652 0.18281555 0.24983215 0.29536438 0.35855103 0.4446869 0.4818573 0.4973755 0.5246124 0.5685425 0.57785034 0.5624542 0.54319763 0.5277252 0.54400635 0.5520172
0.053451538 0.028167725 0.15628052 0.21568298 0.34152222 0.1930542 0.18130493 0.3377838 0.32933044 0.25437927 0.17601013 0.12387085 0.0967865 0.08319092 0.047943115 0.0 0.110443115 0.16033936 0.20652771 0.3079834 0.40118408 0.43855286 0.5124359 0.57696533 0.58735657 0.56703186 0.5469208 0.5289917 0.54222107 0.5478821
0.09454346 0.19946289 0.23739624 0.067337036 0.20626831 0.13421631 0.19615173 0.22297668 0.10522461 0.119888306 0.080215454 0.06349182 0.07041931 0.08181763 0.08174133 0.00010681152 0.20158386 0.11689758 0.13639832 0.20881653 0.3580017 0.40309143 0.4864502 0.5605469 0.57670593 0.5613251 0.54193115 0.5265503 0.5419159 0.5507965
0.12007141 0.2579956 0.19642639 0.069610596 0.34111023 0.19062805 0.2150116 0.23677063 0.15675354 0.21977234 0.15397644 0.111968994 0.1169281 0.14237976 0.124191284 0.02949524 0.22024536 0.16047668 0.14039612 0.17532349 0.3347473 0.43518066 0.5057831 0.48683167 0.51400757 0.54037476 0.53256226 0.52957153 0.53982544 0.5538025
0.12702942 0.3383026 0.2868042 0.1408081 0.2619171 0.14628601 0.23519897 0.23698425 0.2585144 0.30737305 0.15216064 0.12297058 0.13900757 0.14878845 0.09971619 0.016052246 0.1723175 0.18829346 0.18330383 0.13742065 0.33224487 0.48660278 0.48825073 0.42079163 0.48139954 0.53775024 0.537735 0.5428314 0.53834534 0.5445404
0.10107422 0.20954895 0.21640015 0.22366333 0.28875732 0.23539734 0.3326416 0.23754883 0.2685547 0.3158722 0.17254639 0.17062378 0.18391418 0.18190002 0.15863037 0.09390259 0.22770691 0.28067017 0.19488525 0.13450623 0.34776306 0.55722046 0.48262024 0.34428406 0.44155884 0.5312195 0.54823303 0.5612488 0.54953 0.5449219
0.08053589 0.24589539 0.30673218 0.3196411 0.3814087 0.35403442 0.32313538 0.3217163 0.38580322 0.41253662 0.2893219 0.16433716 0.13421631 0.24569702 0.263031 0.27418518 0.3498993 0.3479004 0.24023438 0.1429596 0.37861633 0.5583496 0.4430542 0.35469055 0.44892883 0.5467682 0.5713806 0.55703735 0.5302887 0.5459137
0.1803894 0.30096436 0.394989 0.4089203 0.44213867 0.45195007 0.40800476 0.4033966 0.44706726 0.51560974 0.46987915 0.22296143 0.15420532 0.31515503 0.35476685 0.35928345 0.40782166 0.33399963 0.24510193 0.22631836 0.4344635 0.47940063 0.4292755 0.391922 0.45552063 0.5430145 0.56762695 0.54393005 0.52275085 0.5623169
0.17076111 0.33840942 0.4853058 0.562088 0.5599823 0.5540314 0.57240295 0.56173706 0.5429077 0.6157379 0.54649353 0.1567688 0.21166992 0.46595764 0.4716339 0.51309204 0.45187378 0.41111755 0.3332367 0.31298828 0.40704346 0.41549683 0.45736694 0.39170837 0.44636536 0.52804565 0.5417175 0.50697327 0.5085144 0.5708008
0.23776245 0.37182617 0.5023041 0.57670593 0.6119995 0.5498657 0.46290588 0.3793335 0.39888 0.4564972 0.44195557 0.22105408 0.30464172 0.442688 0.38124084 0.39935303 0.45150757 0.39297485 0.3911438 0.46191406 0.41635132 0.38417053 0.470047 0.44099426 0.4239502 0.40200806 0.49320984 0.46824646 0.40737915 0.41523743
0.17050171 0.20236206 0.35743713 0.5115509 0.5891571 0.55311584 0.3585968 0.23829651 0.31692505 0.34298706 0.36106873 0.3923645 0.44818115 0.4869995 0.42466736 0.40567017 0.43736267 0.4653778 0.40045166 0.38723755 0.35707092 0.401474 0.48181152 0.5240326 0.4202118 0.30194092 0.3332672 0.36309814 0.42471313 0.43603516
0.024642944 0.0048675537 0.2034607 0.48373413 0.5086212 0.38253784 0.20384216 0.09399414 0.309021 0.3726349 0.41374207 0.50737 0.589386 0.48239136 0.40644836 0.45585632 0.49928284 0.4673462 0.39538574 0.4285431 0.46665955 0.41659546 0.47499084 0.6133423 0.37252808 0.14411926 0.13432312 0.15626526 0.21739197 0.25808716
0.05355835 0.0 0.11091614 0.44934082 0.50050354 0.44638062 0.25177002 0.28945923 0.50994873 0.49990845 0.43673706 0.48313904 0.6197815 0.4844513 0.37287903 0.4083557 0.46253967 0.5119171 0.40533447 0.43666077 0.4841919 0.3930664 0.4682312 0.62901306 0.32226562 0.049545288 0.0 0.23530579 0.25245667 0.26008606
0.050598145 0.0 0.123168945 0.460083 0.37904358 0.41038513 0.4233551 0.47610474 0.5736389 0.50949097 0.43312073 0.4920807 0.65722656 0.46447754 0.3346405 0.4086151 0.48156738 0.48414612 0.46983337 0.5000305 0.48371887 0.37158203 0.4537506 0.5888672 0.34292603 0.08665466 0.041244507 0.332489 0.27981567 0.36923218
0.04524231 0.0 0.12869263 0.41445923 0.44303894 0.46246338 0.5142822 0.52926636 0.5815277 0.539032 0.44992065 0.49624634 0.6317291 0.5497284 0.3968048 0.43888855 0.48423767 0.47868347 0.47058105 0.48249817 0.49057007 0.405365 0.45791626 0.5194855 0.3361969 0.11125183 0.14863586 0.30796814 0.051483154 0.17170715
0.04046631 0.0 0.13575745 0.41700745 0.4504547 0.46209717 0.5066223 0.54270935 0.6058655 0.55940247 0.5107269 0.52775574 0.56489563 0.5970459 0.4126892 0.44999695 0.48075867 0.4185791 0.411026 0.46098328 0.478714 0.41249084 0.4220581 0.45736694 0.39334106 0.21650696 0.1618805 0.26298523 0.19741821 0.26072693
0.047042847 0.0 0.1403656 0.43385315 0.475708 0.45957947 0.48602295 0.51353455 0.5960083 0.54893494 0.48794556 0.50268555 0.5835266 0.5746918 0.42436218 0.46202087 0.48887634 0.3685913 0.37757874 0.46929932 0.48591614 0.4184723 0.38887024 0.46644592 0.44296265 0.15663147 0.050964355 0.15049744 0.17256165 0.192276
0.05419922 0.0 0.14494324 0.4633789 0.50675964 0.43013 0.5287018 0.4797516 0.4884796 0.46542358 0.4787445 0.5509949 0.58477783 0.46398926 0.25886536 0.30158997 0.42715454 0.32466125 0.3314209 0.41835022 0.4165802 0.38198853 0.32756042 0.47903442 0.39944458 0.12475586 0.084365845 0.1463623 0.1264801 0.086242676
0.089920044 0.0 0.13948059 0.50315857 0.52697754 0.3922882 0.553833 0.41767883 0.340271 0.40127563 0.40785217 0.552124 0.6056366 0.36611938 0.076934814 0.1230011 0.31689453 0.3078003 0.35939026 0.4178009 0.41506958 0.40570068 0.40377808 0.5349579 0.37626648 0.11694336 0.110183716 0.1717987 0.16889954 0.1365509
0.10284424 0.0 0.13349915 0.51005554 0.53408813 0.48605347 0.6797943 0.37261963 0.15557861 0.33047485 0.48893738 0.63887024 0.47439575 0.14962769 0.0 0.0 0.23483276 0.36489868 0.35281372 0.36384583 0.37913513 0.41516113 0.45196533 0.4784851 0.27085876 0.11930847 0.12213135 0.16308594 0.13520813 0.121276855
0.10499573 0.0 0.14910889 0.41880798 0.43510437 0.44204712 0.60292053 0.42004395 0.24307251 0.44119263 0.4940796 0.51020813 0.19363403 0.1331482 0.12263489 0.0 0.1133728 0.33540344 0.37780762 0.3922577 0.42643738 0.4540863 0.42453003 0.3344574 0.21704102 0.100372314 0.08201599 0.117614746 0.117752075 0.13580322
0.11643982 0.00045776367 0.18682861 0.3557434 0.3960266 0.41204834 0.42822266 0.34213257 0.2949524 0.39300537 0.4354248 0.25187683 0.074401855 0.21835327 0.21957397 0.0 0.044784546 0.3138275 0.40647888 0.43377686 0.44081116 0.39460754 0.3085785 0.16711426 0.071502686 0.041778564 0.055618286 0.09428406 0.10592651 0.13264465
0.10115051 0.087020874 0.14263916 0.19174194 0.22280884 0.2821808 0.3644867 0.39871216 0.36569214 0.35554504 0.28796387 0.015579224 0.08329773 0.33081055 0.27424622 0.0 0.028503418 0.3247223 0.45170593 0.4028015 0.3419342 0.25456238 0.12123108 0.044540405 0.036254883 0.046920776 0.07446289 0.096206665 0.11456299 0.14382935
0.085372925 0.09503174 0.11187744 0.12835693 0.12738037 0.14709473 0.17990112 0.21559143 0.19641113 0.2048645 0.06300354 0.0 0.22467041 0.34529114 0.25959778 0.041519165 0.0017547607 0.24543762 0.35482788 0.28727722 0.18597412 0.07771301 0.04067993 0.047348022 0.050369263 0.06555176 0.09901428 0.103500366 0.11795044 0.140625
0.054214478 0.086120605 0.10496521 0.11860657 0.11553955 0.14193726 0.13963318 0.102508545 0.106903076 0.13891602 0.023422241 0.0 0.25231934 0.20956421 0.18644714 0.07661438 0.02532959 0.18795776 0.24182129 0.12860107 0.046813965 0.032958984 0.051193237 0.058029175 0.06297302 0.08468628 0.10673523 0.10501099 0.122528076 0.13362122
0.056915283 0.07606506 0.078689575 0.09289551 0.1010437 0.13064575 0.12638855 0.09484863 0.11155701 0.12791443 0.010299683 0.021591187 0.21897888 0.16085815 0.16880798 0.09965515 0.031677246 0.07170105 0.062057495 0.0370636 0.038360596 0.042266846 0.058563232 0.0663147 0.084625244 0.09223938 0.103775024 0.10797119 0.11993408 0.12295532
0.04953003 0.07130432 0.071624756 0.07397461 0.0769043 0.104522705 0.103302 0.08679199 0.09875488 0.09713745 0.020568848 0.01777649 0.12564087 0.14898682 0.16796875 0.08126831 0.037368774 0.036834717 0.032928467 0.037841797 0.049179077 0.05328369 0.07014465 0.074661255 0.078704834 0.0977478 0.14744568 0.13946533 0.11193848 0.11193848
0.04219055 0.04043579 0.041244507 0.04774475 0.06239319 0.08503723 0.08711243 0.081085205 0.08224487 0.062316895 0.024658203 0.022399902 0.09603882 0.16767883 0.14057922 0.058670044 0.03604126 0.041366577 0.04446411 0.048568726 0.057128906 0.06591797 0.06689453 0.07875061 0.07142639 0.07887268 0.13294983 0.13394165 0.09977722 0.10169983

-- Channel 6 --
1.0476685 0.9794159 0.8844757 0.8416748 0.8750305 0.82463074 0.7324066 0.63194275 0.55488586 0.39611816 0.41151428 0.51976013 0.7105408 0.8797302 0.96640015 0.9530792 0.9216614 0.9641113 0.9863739 1.0073395 1.0343475 1.0297852 1.0256195 1.0233002 1.0155334 0.9940491 0.98976135 0.98298645 0.98609924 1.0007477
0.9267578 0.80555725 0.8083496 0.8263092 0.7948456 0.6637726 0.63171387 0.7954254 0.73625183 0.61302185 0.6447754 0.68382263 0.6671295 0.7070923 0.7804413 0.70858765 0.76742554 0.81941223 0.91581726 0.947937 0.98864746 1.0014191 1.0006866 1.0119324 1.0215759 1.004303 0.98869324 0.98547363 0.991272 1.0006256
0.77030945 0.7044983 0.5509796 0.624588 0.6408844 0.6443176 0.6193085 0.64138794 0.5750885 0.5159912 0.48599243 0.47712708 0.45648193 0.40148926 0.3466339 0.31219482 0.48667908 0.5828705 0.704422 0.84140015 0.8938446 0.9467163 0.9786072 1.0152588 1.0249481 1.0100555 0.98521423 0.9764099 0.98547363 1.004303
0.46533203 0.4376068 0.33369446 0.39135742 0.49263 0.466156 0.24647522 0.38619995 0.425354 0.31391907 0.24569702 0.19332886 0.17419434 0.16009521 0.15942383 0.13822937 0.21539307 0.4371338 0.38883972 0.65727234 0.74664307 0.87171936 0.93196106 1.0159607 1.033844 1.0139313 0.9936371 0.9762726 0.9777527 1.0019073
0.35647583 0.3599701 0.44456482 0.33187866 0.28063965 0.38902283 0.27082825 0.33607483 0.27452087 0.27209473 0.2416687 0.21897888 0.25317383 0.25502014 0.24577332 0.2205658 0.22161865 0.40515137 0.2363739 0.47476196 0.6434021 0.80789185 0.87338257 1.00177 1.0249023 1.012146 0.9927368 0.9797058 0.9794464 0.9942932
0.46972656 0.2830658 0.4378662 0.23797607 0.3131256 0.48387146 0.35742188 0.49195862 0.42922974 0.46925354 0.4221344 0.3279419 0.3488922 0.33998108 0.3190918 0.25982666 0.22209167 0.41654968 0.23918152 0.40257263 0.5774994 0.83750916 0.8958893 0.9230194 0.968338 0.9945526 0.9815521 0.9792938 0.9845276 0.98501587
0.3788452 0.3153839 0.5411072 0.28321838 0.37997437 0.4677887 0.31596375 0.6201172 0.5197449 0.5492554 0.4571991 0.34317017 0.36154175 0.34513855 0.30874634 0.25856018 0.28459167 0.46577454 0.3543396 0.42860413 0.5947418 0.85253906 0.8582306 0.845047 0.87034607 0.975708 0.97795105 0.9808655 0.9741211 0.9712219
0.32437134 0.2939453 0.46981812 0.369339 0.41586304 0.4465027 0.4375 0.55126953 0.448349 0.49209595 0.40278625 0.30769348 0.37182617 0.2969513 0.34732056 0.3034668 0.38034058 0.52949524 0.44282532 0.4538269 0.6258087 0.8694916 0.90245056 0.77967834 0.80340576 0.96917725 0.97828674 0.98028564 0.9828491 0.97340393
0.22712708 0.37167358 0.5219879 0.5320282 0.52952576 0.5538025 0.5353546 0.52693176 0.5731964 0.660141 0.6128235 0.313385 0.38703918 0.43359375 0.47261047 0.5258026 0.4659729 0.57740784 0.45343018 0.45285034 0.6214752 0.90441895 0.89141846 0.76564026 0.83403015 0.98527527 1.0046387 0.98506165 0.9620056 0.9537811
0.39645386 0.5401001 0.7177429 0.78733826 0.8138733 0.8584595 0.84194946 0.829834 0.867157 0.82821655 0.7836914 0.5507355 0.4746399 0.6695404 0.75650024 0.69633484 0.7214203 0.583725 0.51820374 0.57470703 0.6435852 0.8905029 0.82006836 0.8141022 0.8464203 0.96328735 1.0000916 0.98402405 0.9610901 0.9838562
0.5591736 0.75294495 0.9220886 1.0095673 1.0345612 1.0254059 1.0343475 1.0265656 0.96813965 0.89508057 0.77989197 0.57162476 0.33529663 0.7014923 0.8215027 0.79896545 0.8186798 0.74490356 0.71910095 0.6646271 0.6830139 0.8170624 0.7797241 0.837677 0.81837463 0.95539856 0.97821045 0.96925354 0.9517517 0.9793854
0.6248779 0.8084259 0.95047 1.0202026 1.0650787 0.9712372 0.8654785 0.71813965 0.7021637 0.7202759 0.7054901 0.62916565 0.5109558 0.72932434 0.73727417 0.6901245 0.80210876 0.73986816 0.690567 0.733902 0.800766 0.7102356 0.80740356 0.91815186 0.81666565 0.85858154 0.95552063 0.9644165 0.879364 0.86299133
0.45524597 0.4742279 0.70466614 0.8435364 0.8627472 0.808197 0.48449707 0.47235107 0.52474976 0.6770325 0.70350647 0.79104614 0.824646 0.86460876 0.8377533 0.74768066 0.77075195 0.8485718 0.7187958 0.73176575 0.76252747 0.71339417 0.83403015 0.8569946 0.74305725 0.6286316 0.49797058 0.59129333 0.5616455 0.61621094
0.17811584 0.22938538 0.44265747 0.83717346 0.7847595 0.6760254 0.5059509 0.37390137 0.5406647 0.76475525 0.765213 0.89060974 1.0055084 0.8547821 0.7862091 0.8210144 0.8292389 0.8048248 0.7638855 0.74194336 0.80340576 0.7834015 0.7594147 0.80192566 0.64611816 0.25938416 0.26834106 0.3983612 0.43240356 0.49487305
0.18205261 0.17219543 0.285614 0.6987152 0.88023376 0.7484894 0.72221375 0.58995056 0.8133545 0.93110657 0.81352234 0.85824585 0.90457153 0.92678833 0.6858368 0.7965698 0.82162476 0.8698883 0.8341522 0.7350006 0.8116913 0.77149963 0.7114563 0.79577637 0.60006714 0.13639832 0.2419281 0.4206848 0.5956421 0.5636444
0.17871094 0.17503357 0.29232788 0.7737427 0.8443756 0.7562103 0.84588623 0.848526 0.92541504 0.92082214 0.8280029 0.8475342 0.91267395 0.98057556 0.6018982 0.7473755 0.8684845 0.85131836 0.8409271 0.8237915 0.8260956 0.746521 0.6911926 0.77212524 0.6338959 0.30020142 0.22779846 0.3252411 0.5911255 0.5142975
0.17362976 0.16809082 0.29644775 0.76423645 0.8457031 0.85801697 0.9013977 0.93951416 0.94641113 0.9586792 0.8716583 0.874115 0.9676056 0.90449524 0.7854767 0.69151306 0.8401489 0.82221985 0.8115845 0.80766296 0.8108063 0.77072144 0.7098694 0.77204895 0.6991577 0.412323 0.36050415 0.50834656 0.51750183 0.298172
0.15701294 0.16145325 0.2992401 0.7746582 0.87783813 0.87364197 0.9248352 0.96743774 0.9953613 1.0001221 0.93222046 0.95350647 0.957901 0.9614258 0.8893585 0.7285309 0.84202576 0.75 0.7442169 0.78526306 0.7748718 0.75553894 0.65112305 0.7052307 0.5895996 0.41001892 0.29631042 0.38067627 0.44407654 0.3963318
0.1842804 0.17085266 0.3040619 0.80511475 0.89527893 0.8880768 0.92163086 0.96603394 1.0051117 1.0088043 0.8827057 0.88534546 0.9662323 0.971756 0.7874756 0.75920105 0.77983093 0.6572571 0.63378906 0.7356415 0.74342346 0.6732178 0.6152954 0.63523865 0.5708313 0.32577515 0.108566284 0.16847229 0.25357056 0.2359314
0.20509338 0.19499207 0.3048401 0.80773926 0.85331726 0.81129456 0.8419037 0.91967773 0.73339844 0.7707367 0.82380676 0.9440613 0.92549133 0.784729 0.5935211 0.48532104 0.68722534 0.66763306 0.55226135 0.7093506 0.7161865 0.66737366 0.619339 0.60035706 0.58180237 0.31227112 0.18617249 0.27912903 0.27957153 0.21994019
0.23753357 0.1923523 0.29656982 0.8151703 0.90083313 0.7707367 0.6450653 0.6958008 0.42707825 0.6231842 0.7485962 0.87957764 0.77311707 0.57547 0.33233643 0.23347473 0.5256653 0.62597656 0.5537567 0.6669464 0.6798248 0.6809082 0.69125366 0.65226746 0.65760803 0.30781555 0.24867249 0.3217926 0.33065796 0.27186584
0.2532959 0.20471191 0.29379272 0.79725647 0.91085815 0.8113251 0.68756104 0.58976746 0.3110199 0.40167236 0.82928467 0.77885437 0.7065735 0.30065918 0.09474182 0.06715393 0.3156433 0.63978577 0.59599304 0.62887573 0.65397644 0.69792175 0.73161316 0.66404724 0.5235748 0.276062 0.23510742 0.27908325 0.27793884 0.21273804
0.2558136 0.31555176 0.35409546 0.81140137 0.873703 0.7870941 0.725296 0.63005066 0.47912598 0.5747528 0.7982178 0.6022644 0.43421936 0.17024231 0.18559265 0.08381653 0.17266846 0.5858002 0.6339569 0.66741943 0.71533203 0.7155762 0.6061554 0.48147583 0.32615662 0.1937561 0.1563263 0.18569946 0.20942688 0.20295715
0.26332092 0.274765 0.32798767 0.65400696 0.7575226 0.8080902 0.8052368 0.73812866 0.6086426 0.61572266 0.57821655 0.43450928 0.28108215 0.23806763 0.34777832 0.17407227 0.11943054 0.559021 0.6756897 0.6979065 0.6572876 0.5373688 0.42063904 0.26454163 0.12567139 0.10197449 0.12962341 0.17176819 0.19898987 0.20150757
0.22918701 0.24029541 0.2721405 0.3535614 0.4056244 0.48632812 0.57881165 0.60020447 0.5723877 0.46714783 0.37945557 0.26376343 0.21017456 0.4013214 0.44558716 0.21362305 0.10853577 0.49978638 0.69569397 0.5843048 0.44615173 0.3553772 0.20231628 0.09346008 0.08778381 0.122283936 0.15151978 0.19073486 0.19813538 0.19404602
0.20336914 0.21432495 0.23788452 0.2601776 0.26940918 0.2618866 0.28935242 0.30541992 0.2915802 0.25346375 0.17826843 0.10394287 0.21195984 0.49047852 0.3464508 0.26359558 0.12786865 0.33895874 0.49172974 0.40138245 0.26016235 0.14697266 0.07814026 0.08906555 0.12010193 0.13922119 0.17356873 0.18823242 0.18487549 0.19090271
0.17089844 0.19384766 0.23144531 0.23628235 0.24250793 0.24694824 0.247818 0.19900513 0.17868042 0.1860199 0.17019653 0.09675598 0.22665405 0.41081238 0.19758606 0.20591736 0.07992554 0.16758728 0.3000183 0.21418762 0.09625244 0.06929016 0.09465027 0.118255615 0.13238525 0.15516663 0.17204285 0.16369629 0.16285706 0.17338562
0.14263916 0.17562866 0.2033081 0.20629883 0.22727966 0.23320007 0.23588562 0.19772339 0.18057251 0.17848206 0.13922119 0.08241272 0.21414185 0.3443451 0.16862488 0.190094 0.06465149 0.07661438 0.10322571 0.075027466 0.07261658 0.09593201 0.1058197 0.1426239 0.15667725 0.16667175 0.16442871 0.16268921 0.1552124 0.16407776
0.088012695 0.12245178 0.1487732 0.16879272 0.18746948 0.20143127 0.21548462 0.18826294 0.15596008 0.15232849 0.120391846 0.083724976 0.17855835 0.26478577 0.20237732 0.16696167 0.065338135 0.06510925 0.06350708 0.07281494 0.08920288 0.1010437 0.1273346 0.15496826 0.13311768 0.17108154 0.20483398 0.1938324 0.16229248 0.15429688
0.07992554 0.06742859 0.072891235 0.083740234 0.11079407 0.13275146 0.14555359 0.1292572 0.11993408 0.10536194 0.08329773 0.07952881 0.16725159 0.21411133 0.21795654 0.11853027 0.06758118 0.07362366 0.08200073 0.09089661 0.09994507 0.1207428 0.13522339 0.15368652 0.19631958 0.18608093 0.20707703 0.22290039 0.17021179 0.15118408

-- Channel 7 --
0.0 0.0 0.0 0.0 0.0 0.0 0.0 0.017990112 0.07627869 0.0 0.0 0.0 0.0 0.0 0.0 0.0 0.0 0.0 0.0 0.0 0.0 0.0 0.0 0.0 0.0 0.0 0.0 0.0 0.0 0.0
0.0 0.0 0.0 0.0 0.0 0.0 0.0 0.0 0.0 0.0 0.0 0.0 0.0 0.0 0.0 0.0 0.0 0.0 0.0 0.0 0.0 0.0 0.0 0.0 0.0 0.0 0.0 0.0 0.0 0.0
0.0 0.0 0.0 0.0 0.0 0.0 0.0 0.0 0.0 0.0 0.0 0.0 0.0 0.0 0.0 0.0 0.0 0.0 0.0 0.0 0.0 0.0 0.0 0.0 0.0 0.0 0.0 0.0 0.0 0.0
0.0 0.0 0.0 0.0 0.0 0.004333496 0.0 0.0 0.0 0.0 0.0 0.0 0.0 0.0 0.0 0.0 0.0 0.0 0.0 0.0 0.0 0.0 0.0 0.0 0.0 0.0 0.0 0.0 0.0 0.0
0.014663696 0.0 0.086257935 0.0 0.0 0.052459717 0.0 0.0 0.0 0.018112183 0.012542725 0.0 0.0 0.0 0.0 0.0 0.0 0.014816284 0.0 0.0 0.0 0.0 0.0 0.0 0.0 0.0 0.0 0.0 0.0 0.0
0.0 0.0 0.03967285 0.0 0.0 0.0 0.0 0.0 0.0 0.0 0.032730103 0.0 0.0 0.0 0.0 0.0 0.0 0.0 0.0 0.0 0.0 0.0 0.0 0.0 0.0 0.0 0.0 0.0 0.0 0.0
0.0 0.0 0.0 0.0 0.0 0.0 0.0 0.0 0.0 0.0 0.0 0.0 0.0 0.0 0.0 0.0 0.0 0.0 0.0 0.0 0.0 0.0 0.0 0.0 0.0 0.0 0.0 0.0 0.0 0.0
0.0 0.0 0.0 0.0 0.0 0.0 0.0 0.0 0.0 0.014221191 0.0 0.0 0.022094727 0.0 0.0 0.0 0.0 0.0 0.0 0.0 0.0 0.0 0.0 0.0 0.0 0.0 0.0 0.0 0.0 0.0
0.0 0.0 0.0 0.0 0.0 0.0 0.0 0.0 0.0 0.0 0.0 0.0 0.0 0.0 0.0 0.0 0.0 0.0 0.0 0.0 0.0 0.0 0.0 0.0 0.0 0.0 0.0 0.0 0.0 0.0
0.0 0.0 0.0 0.0 0.0 0.0 0.0 0.0 0.0 0.0 0.044906616 0.0 0.0 0.0 0.0 0.0 0.0 0.0 0.0 0.0 0.0 0.0 0.0 0.0 0.0 0.0 0.0 0.0 0.0 0.0
0.0 0.0 0.0 0.0 0.0 0.0 0.0 0.0 0.0 0.0 0.0 0.0 0.0 0.0 0.0 0.0 0.0 0.0 0.0 0.0 0.0 0.0 0.0 0.0 0.0 0.0 0.0 0.0 0.0 0.0
0.0 0.0 0.0 0.0 0.0 0.0 0.0 0.0 0.0 0.0 0.0 0.0 0.0 0.0 0.0 0.0 0.0 0.0 0.0 0.0 0.0 0.0 0.0 0.0 0.0 0.0 0.0 0.0 0.0 0.0
0.0 0.0 0.0 0.0 0.0 0.04168701 0.0 0.0 0.0 0.0 0.0 0.0 0.0 0.0 0.0 0.0 0.0 0.0 0.0 0.0 0.0 0.0 0.0 0.0 0.0 0.0 0.0 0.0 0.0 0.0
0.0 0.0 0.0 0.0 0.0 0.009674072 0.035583496 0.0 0.0 0.0 0.0 0.0 0.0 0.0 0.0 0.0 0.0 0.0 0.0 0.0 0.0 0.0 0.0 0.0 0.13621521 0.0 0.0 0.0 0.0 0.0
0.0 0.0 0.0 0.0 0.0 0.0 0.0 0.0 0.0 0.0 0.0 0.0 0.0 0.0 0.0 0.0 0.0 0.0 0.0 0.0 0.0 0.0 0.0 0.0 0.14335632 0.0 0.0 0.0 0.0 0.0
0.0 0.0 0.0 0.0 0.0 0.0 0.0 0.0 0.0 0.0 0.0 0.0 0.0 0.0 0.0 0.0 0.0 0.0 0.0 0.0 0.0 0.0 0.0 0.0 0.09159851 0.0 0.0 0.0 0.0 0.0
0.0 0.0 0.0 0.0 0.0 0.0 0.0 0.0 0.0 0.0 0.0 0.0 0.0 0.0 0.0 0.0 0.0 0.0 0.0 0.0 0.0 0.0 0.0 0.0 0.0 0.0 0.0 0.0 0.0 0.0
0.0 0.0 0.0 0.0 0.0 0.0 0.0 0.0 0.0 0.0 0.0 0.0 0.0 0.0 0.0 0.0 0.0 0.0 0.0 0.0 0.0 0.0 0.0 0.0 0.0 0.03289795 0.0 0.0 0.0 0.0
0.0 0.0 0.0 0.0 0.0 0.0 0.0 0.0 0.0 0.0 0.0 0.0 0.0 0.0 0.0 0.0 0.0 0.0 0.0 0.0 0.0 0.0 0.0 0.0 0.066711426 0.049316406 0.0 0.0 0.0 0.0
0.0 0.0 0.0 0.0 0.0 0.0 0.0 0.0 0.0 0.0 0.0 0.0 0.0 0.0 0.0 0.0 0.0 0.0 0.0 0.0 0.0 0.0 0.0 0.0 0.1186676 0.0 0.0 0.0 0.0 0.0
0.0 0.0 0.0 0.0 0.0 0.0 0.0 0.0 0.0 0.0 0.0 0.0 0.031066895 0.044815063 0.0 0.0 0.0 0.0 0.0 0.0 0.0 0.0 0.0 0.0 0.07350159 0.0 0.0 0.0 0.0 0.0
0.0 0.0 0.0 0.0 0.0 0.0 0.0 0.0 0.0 0.0 0.0 0.0 0.15489197 0.0 0.0 0.0 0.0 0.0 0.0 0.0 0.0 0.0 0.0 0.0 0.0 0.0 0.0 0.0 0.0 0.0
0.0 0.0 0.0 0.0 0.0 0.0 0.0 0.0 0.0 0.0 0.0 0.046661377 0.03652954 0.0 0.028686523 0.0 0.0 0.0 0.0 0.0 0.0 0.0 0.0 0.0 0.0 0.0 0.0 0.0 0.0 0.0
0.0 0.0 0.0 0.0 0.0 0.0 0.0 0.0 0.0 0.0 0.0 0.009567261 0.0 0.0 0.10948181 0.0 0.0 0.0 0.0 0.0 0.0 0.0 0.0 0.0 0.0 0.0 0.0 0.0 0.0 0.0
0.0 0.0 0.0 0.0 0.0 0.0 0.0 0.0 0.0 0.0 0.0 0.0 0.0 0.0 0.033309937 0.0 0.0 0.0 0.0 0.0 0.0 0.0 0.0 0.0 0.0 0.0 0.0 0.0 0.0 0.0
0.0 0.0 0.0 0.0 0.0 0.0 0.0 0.0 0.0 0.0 0.0 0.0 0.0 0.014251709 0.0 0.0 0.0 0.0 0.0 0.0 0.0 0.0 0.0 0.0 0.0 0.0 0.0 0.0 0.0 0.0
0.0 0.0 0.0 0.0 0.0 0.0 0.0 0.0 0.0 0.0 0.0 0.0 0.0 0.026184082 0.0 0.0030212402 0.0 0.0 0.0 0.0 0.0 0.0 0.0 0.0 0.0 0.0 0.0 0.0 0.0 0.0
0.0 0.0 0.0 0.0 0.0 0.0 0.0 0.0 0.0 0.0 0.0 0.0 0.0 0.0 0.0 0.025741577 0.0 0.0 0.0 0.0 0.0 0.0 0.0 0.0 0.0 0.0 0.0 0.0 0.0 0.0
0.0 0.0 0.0 0.0 0.0 0.0 0.0 0.0 0.0 0.0 0.0 0.0 0.0 0.0 0.015731812 0.009811401 0.0 0.0 0.0 0.0 0.0 0.0 0.0 0.0 0.0 0.0 0.0 0.0 0.0 0.0
0.0 0.0 0.0 0.0 0.0 0.0 0.0 0.0 0.0 0.0 0.0 0.0 0.0 0.0 0.019622803 0.0 0.0 0.0 0.0 0.0 0.0 0.0 0.0 0.0 0.0 0.0 0.0 0.0 0.0 0.0

