Dequantized weights of conv1 (shape: (8, 3, 3, 3)):

=== Batch 0 ===
-- Channel 0 --
0.14257812 -0.1328125 0.05078125
0.15039062 -0.083984375 0.103515625
0.01171875 -0.083984375 -0.125

-- Channel 1 --
0.111328125 -0.0859375 -0.107421875
-0.048828125 -0.17773438 -0.0625
-0.10546875 -0.0703125 0.11328125

-- Channel 2 --
-0.015625 -0.05078125 -0.06640625
-0.099609375 0.005859375 -0.13476562
-0.1328125 0.041015625 0.044921875


=== Batch 1 ===
-- Channel 0 --
-0.14453125 0.068359375 -0.080078125
-0.08984375 -0.041015625 -0.06640625
-0.16210938 -0.12890625 -0.080078125

-- Channel 1 --
0.16015625 -0.01953125 -0.009765625
-0.16601562 0.05859375 -0.099609375
0.060546875 -0.1328125 -0.041015625

-- Channel 2 --
0.125 0.005859375 -0.005859375
-0.16015625 -0.025390625 -0.15234375
-0.095703125 0.1796875 -0.009765625


=== Batch 2 ===
-- Channel 0 --
-0.033203125 -0.099609375 0.072265625
-0.11328125 -0.13476562 -0.13671875
-0.099609375 -0.16992188 -0.0546875

-- Channel 1 --
-0.083984375 -0.033203125 0.17382812
0.05078125 -0.025390625 0.15039062
0.083984375 0.068359375 -0.087890625

-- Channel 2 --
0.17382812 -0.0078125 -0.19140625
-0.009765625 0.04296875 0.09375
-0.03515625 -0.09375 0.17382812


=== Batch 3 ===
-- Channel 0 --
-0.1484375 -0.07421875 0.10546875
0.15429688 -0.13867188 -0.15429688
0.15820312 0.009765625 -0.099609375

-- Channel 1 --
-0.0078125 -0.15820312 0.072265625
0.037109375 -0.11328125 0.14257812
0.12695312 0.037109375 -0.1015625

-- Channel 2 --
0.16796875 0.13476562 0.09375
-0.009765625 -0.03125 -0.1328125
-0.15625 0.12109375 0.015625


=== Batch 4 ===
-- Channel 0 --
0.0703125 -0.037109375 0.005859375
0.099609375 0.17773438 0.033203125
-0.044921875 0.060546875 -0.123046875

-- Channel 1 --
-0.16796875 -0.072265625 0.037109375
-0.087890625 -0.18945312 0.109375
-0.087890625 -0.14257812 0.048828125

-- Channel 2 --
-0.15429688 -0.10546875 0.03125
0.0859375 -0.16796875 0.08984375
0.05078125 -0.125 0.03125


=== Batch 5 ===
-- Channel 0 --
-0.0703125 0.0859375 0.0859375
-0.015625 0.18359375 0.16210938
-0.17578125 0.083984375 0.0078125

-- Channel 1 --
-0.0078125 0.025390625 0.078125
0.033203125 -0.009765625 0.04296875
-0.017578125 0.15625 -0.044921875

-- Channel 2 --
0.14648438 -0.119140625 0.052734375
0.091796875 0.04296875 0.103515625
0.15820312 -0.005859375 -0.060546875


=== Batch 6 ===
-- Channel 0 --
0.015625 0.00390625 -0.07421875
0.123046875 -0.001953125 -0.0703125
0.0625 -0.103515625 0.076171875

-- Channel 1 --
-0.0703125 -0.1640625 -0.125
0.025390625 0.0 -0.05078125
-0.083984375 0.080078125 0.0546875

-- Channel 2 --
-0.076171875 -0.048828125 0.029296875
-0.13476562 -0.0859375 0.08984375
0.09375 0.052734375 -0.04296875


=== Batch 7 ===
-- Channel 0 --
0.16796875 0.111328125 0.12109375
0.19140625 0.06640625 -0.123046875
0.091796875 -0.005859375 -0.18945312

-- Channel 1 --
-0.033203125 -0.09765625 -0.095703125
-0.095703125 0.09375 -0.05078125
0.05859375 0.03125 -0.109375

-- Channel 2 --
-0.046875 -0.1796875 0.18359375
-0.15234375 -0.1796875 -0.123046875
-0.12890625 -0.0625 -0.01171875

