/conv1/Conv_output_0 (shape: (1, 8, 30, 30)):

=== Batch 0 ===
-- Channel 0 --
0.4458254 0.454772 0.46142262 0.46807334 0.47604948 0.48167074 0.489209 0.4968183 0.50346917 0.5107116 0.5158121 0.5145814 0.5181434 0.5126406 0.5157412 0.52230906 0.5237528 0.52346885 0.51724404 0.5003686 0.5087351 0.5138714 0.5087827 0.49801353 0.49009654 0.48700783 0.4758602 0.46729234 0.46035755 0.450358
0.47107905 0.4790318 0.4826765 0.48817953 0.49395457 0.502617 0.51239204 0.51362276 0.5278356 0.5369241 0.5284509 0.5318 0.5403679 0.5470185 0.546628 0.5511724 0.5529119 0.5537521 0.5500363 0.53627324 0.51849854 0.5287704 0.5263207 0.5176109 0.5064276 0.4972325 0.491635 0.48531553 0.47381288 0.46335155
0.48922074 0.49629772 0.5012798 0.5061555 0.5123565 0.5209599 0.53033257 0.5405572 0.52374095 0.525445 0.5917159 0.5808404 0.565539 0.57221335 0.57648546 0.582935 0.5853137 0.58755016 0.5922248 0.5813847 0.5699531 0.56547964 0.55855674 0.5446636 0.5344982 0.5261314 0.5135281 0.5017059 0.4878837 0.47697246
0.4963213 0.5089483 0.5175399 0.5194569 0.5309243 0.53413135 0.55198896 0.50626194 0.28026658 0.36169678 0.7511919 0.7185654 0.58250904 0.59123063 0.60381037 0.6085085 0.6130765 0.60589325 0.60220075 0.6187449 0.62101704 0.6156326 0.6090766 0.5995618 0.589716 0.5757281 0.56224906 0.53824955 0.5209481 0.506049
0.5098477 0.51847476 0.5279538 0.53900695 0.54761034 0.54763395 0.5633142 0.4074948 -0.0064613703 0.06372652 0.47414422 0.6927554 0.63229483 0.6068519 0.58310056 0.5536101 0.56848556 0.6642704 0.7178078 0.643762 0.64442474 0.6543536 0.6510873 0.64984477 0.6455845 0.63947815 0.62485135 0.6073132 0.5851717 0.56734943
0.5235752 0.5340721 0.54130274 0.507481 0.4359557 0.57590574 0.7087076 0.46151727 -0.1062109 -0.4360859 0.16241093 0.65096915 0.67526424 0.5557284 0.32179233 0.23736808 0.43147057 0.62849617 0.82364017 0.75080144 0.6414662 0.664957 0.6752881 0.67488587 0.67943 0.68086195 0.674945 0.66221154 0.6526969 0.63479203
0.53655726 0.5481072 0.5638349 0.3945246 0.20611422 0.31302327 0.58252084 0.6639037 0.024958095 -0.6062362 -0.11422252 0.54204834 0.7443281 0.4285948 -0.0031123818 -0.085974574 -0.10247132 0.11497991 0.4874103 0.7866113 0.69886154 0.6599749 0.67668444 0.6833472 0.6899625 0.6901872 0.6922345 0.6877849 0.6845188 0.68308693
0.53900695 0.5585094 0.5745685 0.45028678 0.13670729 -0.10649491 -0.017194921 0.2327172 0.06527678 -0.43334046 -0.37134153 0.35072666 0.68506306 0.41347095 -0.09314604 -0.3565964 -0.44661832 -0.3992937 0.22832675 0.6503539 0.7731797 0.66169083 0.67172605 0.68151295 0.68503946 0.6900926 0.6900098 0.6856784 0.6834891 0.68680274
0.53814304 0.5567106 0.5701898 0.61739594 0.36761394 -0.07124114 -0.2410602 -0.26023144 -0.29195857 -0.4817535 -0.5100961 -0.041087896 0.32914132 0.33475065 0.012579594 -0.40293866 -0.4497187 -0.480511 -0.18155849 0.45978957 0.77755815 0.7218434 0.66778535 0.68251884 0.686223 0.68603355 0.68707496 0.6799273 0.6790634 0.68098056
0.5342851 0.5511369 0.56570464 0.5954081 0.60417706 0.4335298 0.0521883 -0.23698929 -0.48204944 -0.7430264 -0.6084375 -0.40761313 -0.07287426 0.020875305 -0.23709583 -0.45194355 -0.45505595 -0.47216803 -0.44607392 0.1371925 0.6273601 0.80431515 0.68815184 0.68438864 0.6856194 0.6877022 0.68902755 0.6834774 0.68129987 0.67966694
0.5336225 0.5502848 0.5707696 0.5770535 0.58915967 0.62350225 0.5382495 0.09069644 -0.5087472 -0.644626 -0.5638466 -0.57680494 -0.4005717 -0.3614247 -0.37852478 -0.4043943 -0.451908 -0.45999077 -0.46783692 -0.23456332 0.34676227 0.71625775 0.8364684 0.693063 0.6905306 0.68858975 0.69107485 0.68892115 0.68195087 0.68174964
0.5358473 0.5507582 0.566178 0.5834795 0.58614194 0.59476894 0.6192655 0.25037357 -0.34569716 -0.5137529 -0.62017685 -0.61326563 -0.59138453 -0.54621387 -0.46522143 -0.4554109 -0.46931604 -0.43816876 -0.39413404 -0.5218121 -0.06881521 0.53311354 0.81908417 0.75560623 0.68462527 0.6921517 0.6932286 0.6916547 0.6935246 0.68669635
0.53123206 0.5479416 0.56384665 0.573243 0.5832545 0.5976566 0.5488055 0.16605578 -0.29419523 -0.6338452 -0.65111107 -0.64349 -0.6438923 -0.6182479 -0.6270525 -0.5594088 -0.5276935 -0.5132205 -0.5000964 -0.4898362 -0.42077258 0.17987806 0.6423777 0.765085 0.6837021 0.68894476 0.69326407 0.697335 0.6918322 0.6912878
0.52723205 0.5397052 0.55063975 0.5608881 0.5640834 0.5840947 0.5123802 0.1053115 -0.4845938 -0.68299216 -0.639431 -0.6477503 -0.650046 -0.66509885 -0.6701876 -0.63675624 -0.6317269 -0.60868585 -0.5155873 -0.48634523 -0.5343916 -0.21782985 0.4730674 0.7718188 0.71006864 0.6861046 0.6935126 0.6917966 0.69335884 0.69198614
0.52638 0.5400958 0.5474211 0.5331137 0.49510252 0.42942342 0.40166053 0.12009223 -0.44848806 -0.6549691 -0.6514542 -0.6453597 -0.6487206 -0.65016437 -0.65947783 -0.67435324 -0.67075557 -0.6328747 -0.5613377 -0.5120961 -0.49190736 -0.42074895 0.17815028 0.720104 0.81517893 0.6811106 0.692779 0.69326407 0.69120497 0.6897139
0.48497254 0.4103942 0.46186054 0.46703205 0.30443174 0.22251616 0.20688343 0.0091595575 -0.40721065 -0.61745507 -0.65388036 -0.6479515 -0.63222396 -0.6339754 -0.6489098 -0.6603653 -0.6723297 -0.66434157 -0.59373945 -0.5230309 -0.46458235 -0.5154571 -0.15507382 0.42108026 0.75239897 0.83909565 0.70128775 0.6944949 0.6934298 0.69124055
0.27782866 0.07279145 0.16837527 0.1580323 0.061442498 -0.105240494 -0.27802992 -0.34889236 -0.6129344 -0.6979385 -0.6602113 -0.6456673 -0.64925313 -0.63908756 -0.63905203 -0.6584719 -0.6613477 -0.6659273 -0.6355138 -0.58803535 -0.49821478 -0.45201454 -0.49917337 -0.065217644 0.47280708 0.82709575 0.7824931 0.6871223 0.6976426 0.6938322
0.059336122 -0.23259889 -0.2599593 -0.2993549 -0.353768 -0.4826648 -0.5703435 -0.5634562 -0.6479515 -0.67664903 -0.67970216 -0.6506023 -0.65672046 -0.66669667 -0.65238917 -0.664673 -0.6684127 -0.6621524 -0.6598683 -0.62927717 -0.54157495 -0.4369497 -0.5144985 -0.44642884 0.08296874 0.5296225 0.8290483 0.7142695 0.6901163 0.6959505
0.06944238 -0.41464254 -0.59914774 -0.5390542 -0.5722133 -0.54100686 -0.5412318 -0.5656337 -0.59159756 -0.6626849 -0.66862565 -0.6574068 -0.65823513 -0.66850716 -0.6637499 -0.6673475 -0.6686138 -0.6527205 -0.6489693 -0.6547441 -0.5741185 -0.50903124 -0.40567225 -0.4588191 -0.3545964 0.3605371 0.72567767 0.73767734 0.67759573 0.6838798
0.22556935 -0.24668142 -0.5259894 -0.62166786 -0.6507797 -0.6414426 -0.6311589 -0.6047334 -0.597053 -0.6202124 -0.65759623 -0.66466105 -0.6710517 -0.66513455 -0.6723415 -0.669738 -0.6658209 -0.6436675 -0.6386499 -0.64285094 -0.6315611 -0.5370662 -0.4570676 -0.38550708 -0.44193184 0.017171236 0.6298099 0.76865894 0.68199813 0.67814016
0.48133948 0.15095557 -0.04728895 -0.197925 -0.3576733 -0.52045095 -0.6138455 -0.6857732 -0.69127595 -0.67610466 -0.6945421 -0.68886185 -0.6837023 -0.69025826 -0.67886215 -0.6709096 -0.6628861 -0.6509455 -0.64020014 -0.6304132 -0.63056713 -0.5999169 -0.51133883 -0.43064225 -0.4244411 -0.2050846 0.4344173 0.7854872 0.721382 0.6635014
0.53875846 0.4484051 0.40432328 0.32550818 0.17358227 0.011881428 -0.16964155 -0.34795743 -0.50710213 -0.6019286 -0.6194668 -0.6416796 -0.6709924 -0.6996072 -0.6912997 -0.682365 -0.6772408 -0.6694776 -0.64615273 -0.62895757 -0.62854344 -0.595562 -0.5712902 -0.5229481 -0.4515057 -0.3967257 0.23248054 0.6593004 0.74532235 0.6642589
0.4076368 0.4038498 0.41093847 0.42293823 0.41200355 0.33238384 0.2013805 0.028236132 -0.1758426 -0.33413532 -0.42003882 -0.46816802 -0.5188771 -0.5603555 -0.5957986 -0.6009347 -0.6111002 -0.65702826 -0.6462118 -0.65569085 -0.66351324 -0.62152594 -0.6145557 -0.59523064 -0.53105444 -0.47551706 -0.122328915 0.5239185 0.77554655 0.7040689
0.24688262 0.14619823 0.08783256 0.11493261 0.13693213 0.13522805 0.10957176 0.048744567 -0.06948973 -0.22543922 -0.3139227 -0.34541303 -0.36433592 -0.39496246 -0.4023825 -0.36699855 -0.41664246 -0.4332338 -0.47839266 -0.49432135 -0.533362 -0.60009444 -0.60764456 -0.63939536 -0.6560577 -0.59829557 -0.3486557 0.28832558 0.6226028 0.68125254
0.13118076 -0.052259307 -0.17695501 -0.22650433 -0.23230305 -0.22623213 -0.2167412 -0.22477655 -0.25536767 -0.3140528 -0.35886857 -0.35895133 -0.36060804 -0.3555786 -0.31681013 -0.29886982 -0.22162868 -0.19899003 -0.18133363 -0.13294402 -0.11766629 -0.15064782 -0.18824475 -0.26160416 -0.38150707 -0.38764897 -0.2826215 0.035537742 0.43653563 0.59626013
0.074128695 -0.1312518 -0.28737882 -0.35096335 -0.3681465 -0.37273806 -0.38105735 -0.38534132 -0.38542426 -0.39556602 -0.41118702 -0.4041694 -0.3900158 -0.3791403 -0.37407523 -0.32378048 -0.20769992 -0.1514289 -0.07422334 0.040200364 0.14269535 0.21971157 0.2667876 0.2785151 0.26199472 0.21083595 0.1915228 0.26773432 0.5562018 0.65633005
0.09158396 -0.14140543 -0.3376737 -0.40083224 -0.38071418 -0.38195676 -0.39693874 -0.41322246 -0.42267796 -0.4330209 -0.43136412 -0.42440563 -0.41553015 -0.41566032 -0.41716325 -0.3687973 -0.32792234 -0.21904883 -0.12662467 -0.010603339 0.13006838 0.25967517 0.3718032 0.46807352 0.5400602 0.5360012 0.56362176 0.60893446 0.6409102 0.6471466
0.23000722 -0.0021892914 -0.25407773 -0.39222878 -0.42921028 -0.40889126 -0.39354235 -0.4016961 -0.41984951 -0.4285238 -0.4353402 -0.43724558 -0.43177822 -0.43023986 -0.42429918 -0.42834648 -0.39164895 -0.29463318 -0.18375961 -0.0598686 0.07193938 0.2065757 0.3229047 0.43037006 0.5251847 0.6022837 0.6329222 0.6333718 0.63212925 0.6272891
0.39469028 0.2596753 0.031466868 -0.1833454 -0.35493958 -0.44498512 -0.45446432 -0.43079615 -0.41411 -0.41966015 -0.429944 -0.43412143 -0.43705615 -0.4274824 -0.43233433 -0.42786115 -0.4065007 -0.33542523 -0.22509606 -0.103702076 0.024591228 0.1543046 0.27884644 0.39240628 0.48768264 0.5631485 0.6070054 0.6251237 0.6223188 0.62105256
0.472594 0.43813312 0.34289253 0.15789035 -0.061939597 -0.2586102 -0.40328184 -0.47188398 -0.47029823 -0.44581354 -0.4332339 -0.4357781 -0.43708003 -0.4368551 -0.42368373 -0.41853595 -0.40042973 -0.35189825 -0.25637355 -0.14746447 -0.027384073 0.100068994 0.2326699 0.34996927 0.4516595 0.53216666 0.5858462 0.60899365 0.6134787 0.6095617

-- Channel 1 --
0.18965295 0.19341621 0.19107306 0.195002 0.19762917 0.19876519 0.20210244 0.2008954 0.20313197 0.2051793 0.2112384 0.21254012 0.2171318 0.21643351 0.21756956 0.22287123 0.21680035 0.22014943 0.21928555 0.20658758 0.20934488 0.20659934 0.2022563 0.20620888 0.20577095 0.20130952 0.19461147 0.1908837 0.18903759 0.18680097
0.19174759 0.19523871 0.19424462 0.19979478 0.20254026 0.20375925 0.21101351 0.21209045 0.22706051 0.22545108 0.21706076 0.21935657 0.2188595 0.22633867 0.22919069 0.23277636 0.23558107 0.235368 0.24171108 0.2363857 0.2239482 0.23040953 0.2186938 0.21335667 0.20885965 0.20317936 0.20183025 0.19916762 0.19263512 0.18674172
0.19803153 0.1971321 0.20029186 0.19824454 0.20196044 0.20295447 0.2106111 0.20561722 0.1562217 0.19405526 0.22078846 0.22521442 0.2318533 0.22953387 0.23858687 0.23871711 0.24150997 0.2481962 0.24737966 0.24775828 0.24909556 0.24851573 0.24511936 0.2360899 0.2324569 0.22881196 0.22267005 0.21180637 0.20297809 0.1997356
0.20088351 0.20168824 0.20244558 0.20397224 0.20878872 0.20612603 0.22893035 0.08443618 -0.2035817 0.05798698 0.18114427 0.18371229 0.23727329 0.23928517 0.24714293 0.25161624 0.2550718 0.24604243 0.24453945 0.2519121 0.2548588 0.253699 0.25664577 0.26038527 0.2560067 0.25832617 0.25195938 0.24382943 0.23690647 0.23217283
0.20539226 0.20599586 0.21061113 0.2251316 0.2250961 0.22689483 0.23633845 0.07148971 -0.15068334 0.037833553 0.046354074 0.06920567 0.23283555 0.2265753 0.1620559 0.10038849 0.112210765 0.21877664 0.23755735 0.24148619 0.2520659 0.25844452 0.26109526 0.26529637 0.26393548 0.26935548 0.2660656 0.26678753 0.26871654 0.26057458
0.20812596 0.2152501 0.22139196 0.08590366 0.048507873 0.2143862 0.23091845 0.15539333 -0.04086307 -0.15584303 0.031597 0.07535944 0.2059603 0.08387987 -0.20054035 -0.20339234 -0.2057355 0.052484166 0.15346436 0.21947485 0.25114286 0.2549534 0.25559247 0.2574031 0.26556855 0.26794732 0.26688224 0.2686099 0.2730595 0.2734028
0.20878868 0.21404305 0.22446886 0.024366377 -0.11561899 -0.093583904 -0.025017247 0.12882581 -0.031466793 -0.20016164 -0.10225833 0.114826106 0.16371265 0.01601149 -0.12093249 0.002035444 -0.21480042 -0.18613826 0.026413638 0.11677869 0.23801893 0.25053933 0.2536517 0.2600657 0.25625518 0.25613692 0.25786462 0.26023144 0.256267 0.26102433
0.20681243 0.21302529 0.2164572 0.28102395 0.23378228 -0.03452002 -0.21064664 -0.20571187 -0.14868338 -0.17680112 -0.25869298 0.070625804 0.026176974 -0.007632959 0.019076541 -0.054708958 -0.20932123 -0.30526015 0.022674106 0.090021856 0.17648168 0.2518056 0.25378188 0.2581604 0.2582788 0.26116636 0.25981724 0.25716645 0.25675222 0.25825515
0.20939223 0.21317913 0.21230339 0.31397006 0.30774525 0.19379494 0.08012858 -0.09107508 -0.14314504 -0.26466924 -0.32594612 -0.25219613 -0.28760368 -0.13514522 -0.023017319 -0.18707314 -0.17539293 -0.23537986 -0.21704887 0.12592645 0.09403363 0.23197167 0.2572019 0.25950953 0.25888234 0.26043272 0.26187637 0.25511906 0.2563025 0.25536767
0.20682424 0.20600769 0.21690688 0.23482366 0.26455083 0.26471657 0.24232647 0.19194882 0.012354782 -0.24742696 -0.29876322 -0.30685776 -0.15120411 -0.10009263 -0.15736966 -0.22917877 -0.16794927 -0.15739328 -0.28568655 -0.024153361 0.09887374 0.16835162 0.26497692 0.2619592 0.26278758 0.25986463 0.26017234 0.2590362 0.2600776 0.25756875
0.19954628 0.20442195 0.21572343 0.21816128 0.22263458 0.2674266 0.31503505 0.05017652 -0.13167784 -0.053738564 -0.23484732 -0.29869223 -0.20020898 -0.21891871 -0.17867097 -0.20804316 -0.19478896 -0.15609151 -0.1910849 -0.26991168 0.0046389615 0.08629409 0.22572328 0.25826707 0.26223144 0.26238528 0.26863372 0.26536745 0.26394737 0.26324913
0.19766471 0.20090717 0.21082413 0.21934469 0.22274107 0.2358887 0.223889 -0.099205114 -0.08597462 -0.111524336 -0.25075245 -0.2414626 -0.280089 -0.25840902 -0.24837367 -0.2782548 -0.23839761 -0.15647024 -0.18113248 -0.3598863 -0.18851694 0.10415172 0.08929998 0.23736803 0.26072854 0.26065746 0.26079947 0.26408935 0.26587632 0.26171073
0.19237484 0.19539247 0.20545144 0.20490715 0.2047651 0.21565248 0.14010365 -0.058058027 0.021999568 -0.26956856 -0.26401827 -0.24519028 -0.24793579 -0.2374626 -0.29279882 -0.25072858 -0.23036219 -0.24704821 -0.2733318 -0.19903742 -0.2494033 0.031762674 0.07919365 0.16469489 0.25909537 0.25820786 0.26134384 0.2636042 0.25768712 0.26079947
0.19136891 0.19377126 0.19681258 0.19946344 0.20627987 0.21032706 0.14792602 -0.0047691274 -0.077560574 -0.25188842 -0.23836209 -0.24387673 -0.24676424 -0.25475228 -0.25832614 -0.2372141 -0.25971073 -0.26233792 -0.20760533 -0.1521863 -0.22984149 -0.18880096 0.13192636 0.12439984 0.24769908 0.26406574 0.26221967 0.26030248 0.26271662 0.26182905
0.20270601 0.21112 0.21355775 0.19226834 0.10247126 -0.0073726308 -0.0054318123 -0.051726773 -0.13099144 -0.2238416 -0.24491812 -0.24694179 -0.24152173 -0.23656325 -0.24440926 -0.25177008 -0.26278755 -0.2518529 -0.21438624 -0.18588978 -0.18868263 -0.33476248 -0.014047057 0.1300092 0.1993924 0.2625628 0.26133204 0.26200658 0.26153323 0.2609296
0.07191577 -0.0035265805 -0.010023485 -0.115181126 -0.20698991 -0.24537969 -0.21571168 -0.15727493 -0.23901299 -0.2517464 -0.25505993 -0.253202 -0.24306017 -0.24369924 -0.24782933 -0.24977013 -0.25746226 -0.27367494 -0.23819637 -0.23236218 -0.21657552 -0.29073972 -0.23422019 -0.03523004 0.080732085 0.23785317 0.2587996 0.2634977 0.2662905 0.2645391
-0.15796131 -0.22113164 -0.23061074 -0.29759163 -0.17914435 -0.17586625 -0.21867009 -0.14766563 -0.31352028 -0.2857812 -0.25206593 -0.25468132 -0.25614873 -0.26309538 -0.25990012 -0.27173418 -0.25211325 -0.2589415 -0.26020777 -0.25475222 -0.20728578 -0.14852951 -0.31936637 -0.22968768 0.042472523 0.09305139 0.23059894 0.26530823 0.26477572 0.2654384
-0.1274294 -0.056247402 -0.1692984 -0.19523868 -0.20130955 -0.23179418 -0.24293001 -0.18532169 -0.23636207 -0.23917863 -0.24173471 -0.248563 -0.25328487 -0.25697708 -0.25262216 -0.25987634 -0.25687054 -0.2525394 -0.2616988 -0.25515458 -0.19490732 -0.17684852 -0.2013214 -0.22049259 -0.053206015 0.06425907 0.13390264 0.25857463 0.25603035 0.25714275
0.05964377 -0.02653203 -0.22382982 -0.218895 -0.26704782 -0.22620845 -0.21527377 -0.21501347 -0.21269388 -0.24439739 -0.23914313 -0.24934411 -0.26403025 -0.25257483 -0.25868118 -0.25434995 -0.252634 -0.24629092 -0.25523743 -0.24733226 -0.22973497 -0.23601885 -0.1541744 -0.18184249 -0.24911927 0.17161785 0.08100433 0.21645719 0.25567535 0.2516517
0.31699955 0.2285871 0.08921715 -0.025739126 -0.10707475 -0.18843405 -0.23388883 -0.25266954 -0.24264598 -0.2284924 -0.25253925 -0.25162804 -0.2630716 -0.252776 -0.26079956 -0.25740317 -0.25160444 -0.2436164 -0.24614888 -0.23730882 -0.25993562 -0.22529718 -0.17787802 -0.13260087 -0.25687054 -0.017135764 0.13380796 0.16602036 0.2549771 0.2490127
0.3285377 0.2357231 0.29883426 0.3279105 0.28269255 0.17290777 0.06299285 -0.061998744 -0.13296776 -0.17695501 -0.23310769 -0.2431075 -0.24533239 -0.26309526 -0.25025532 -0.24948606 -0.24386483 -0.24777007 -0.23869346 -0.23237397 -0.24971092 -0.23356926 -0.22410198 -0.20920289 -0.21354598 -0.21245724 0.12895598 0.12686133 0.23180595 0.24439748
0.1996173 0.13542914 0.1724462 0.20123857 0.19806704 0.21417318 0.18838671 0.1299619 0.025277603 -0.050851062 -0.08799821 -0.12784354 -0.15186673 -0.18773587 -0.20425628 -0.21792461 -0.23385333 -0.24895361 -0.23822008 -0.24883522 -0.25239727 -0.20109658 -0.25063396 -0.25310734 -0.20502548 -0.2767991 0.046614457 0.11170189 0.17262374 0.24791208
0.03927731 -0.017443433 -0.05276817 -0.037537716 -0.02110018 -0.006141914 -0.00239048 -0.0062010484 -0.026993554 -0.044034626 -0.059075713 -0.084921345 -0.08418765 -0.08738281 -0.097465485 -0.08227048 -0.124601014 -0.13645877 -0.15549986 -0.21153413 -0.22827944 -0.23343906 -0.26203027 -0.24965182 -0.21024425 -0.27625477 -0.22961666 0.11625801 0.12358331 0.23003088
0.0056566778 -0.09863705 -0.15339337 -0.1736533 -0.20003149 -0.1986114 -0.17735739 -0.15099102 -0.13443518 -0.14629292 -0.14288467 -0.14540535 -0.1439971 -0.13635233 -0.08016409 -0.040070187 -0.027573375 0.025348587 0.054259293 0.083595976 0.0972643 0.037407555 0.00607091 -0.047927994 -0.12520461 -0.13443513 -0.13028137 0.113725506 0.1089209 0.18203185
0.013088495 -0.054555114 -0.079596035 -0.12635249 -0.15835184 -0.1673694 -0.1697599 -0.17294326 -0.17103796 -0.17342845 -0.17023323 -0.15606785 -0.15516849 -0.14290832 -0.12531109 -0.15745242 -0.06810512 -0.06309933 -0.006780929 0.066164345 0.14050601 0.21580632 0.2891303 0.30903518 0.27116615 0.29828987 0.24356908 0.15334605 0.20513189 0.1972268
0.023478808 -0.043076053 -0.08451898 -0.1327074 -0.1420445 -0.14228117 -0.15624535 -0.16360621 -0.1594761 -0.16740488 -0.17314446 -0.169109 -0.15818615 -0.16106182 -0.19381861 -0.17444617 -0.129098 -0.1175716 -0.07093349 -0.015183133 0.018816195 0.06888619 0.13141745 0.20735678 0.29683426 0.3003017 0.24752162 0.18677732 0.2942544 0.26807746
0.11931122 0.029431354 -0.07487422 -0.12700334 -0.13406828 -0.13980784 -0.14695565 -0.15199694 -0.15734594 -0.16428074 -0.16374819 -0.166683 -0.16696706 -0.17876562 -0.17837512 -0.15296733 -0.16603215 -0.11650654 -0.09438861 -0.045762386 0.0060353773 0.058543198 0.09893292 0.14221014 0.16999653 0.16699073 0.20465863 0.24282351 0.25461024 0.23888282
0.21167621 0.16385467 0.057265107 -0.034922387 -0.114885285 -0.13457716 -0.14372487 -0.1489437 -0.1588607 -0.16041097 -0.1672037 -0.16432802 -0.16702619 -0.15906183 -0.15638734 -0.16407952 -0.16273046 -0.12481404 -0.10329971 -0.06433005 -0.014508583 0.033170927 0.07966703 0.12516908 0.16327481 0.2050846 0.211688 0.21203122 0.2179838 0.22132099
0.21536843 0.22477658 0.20138058 0.14889638 0.043549422 -0.064306416 -0.13686115 -0.1594169 -0.16430439 -0.16819778 -0.16499075 -0.16465944 -0.16478959 -0.15810335 -0.15734595 -0.16018607 -0.1579021 -0.13753572 -0.1070511 -0.07889782 -0.029005332 0.011739412 0.06438924 0.1083055 0.14563017 0.17874195 0.19507301 0.21000761 0.21403116 0.21735658
0.1826827 0.19829187 0.22029138 0.21672936 0.1937476 0.13300322 0.02704089 -0.07673216 -0.13521622 -0.16077782 -0.15918022 -0.15883704 -0.16265942 -0.16302626 -0.16019794 -0.16276596 -0.153275 -0.14626923 -0.11512194 -0.08879111 -0.046093736 -0.0035147364 0.049253445 0.088246755 0.13126363 0.16249377 0.18723883 0.20381838 0.20817333 0.21498975

-- Channel 2 --
-0.04411746 -0.047786042 -0.049087785 -0.047928035 -0.04634229 -0.05217647 -0.05525334 -0.05750181 -0.061347913 -0.05837756 -0.05411727 -0.05302857 -0.055241525 -0.050673563 -0.047229856 -0.049596667 -0.049229823 -0.049513843 -0.03947854 -0.039028827 -0.053691246 -0.0486026 -0.035230104 -0.036129467 -0.0368632 -0.032283407 -0.033656154 -0.035123575 -0.03137216 -0.031490482
-0.049750492 -0.054922003 -0.05705213 -0.05694561 -0.054862827 -0.053490046 -0.059738457 -0.059797633 -0.05947811 -0.053123206 -0.053880576 -0.061738405 -0.06042483 -0.05357287 -0.0520463 -0.0529812 -0.053064052 -0.046862964 -0.043419268 -0.032295235 -0.042389728 -0.054578803 -0.039419364 -0.034863234 -0.039738845 -0.043277264 -0.040768433 -0.036105804 -0.034756742 -0.03444904
-0.053407237 -0.060791686 -0.063276835 -0.062460333 -0.06341885 -0.06577385 -0.06801053 -0.06467325 -0.078826845 -0.10138256 -0.072448276 -0.061738405 -0.0658567 -0.05939528 -0.05941893 -0.05977398 -0.05740713 -0.0555847 -0.051691253 -0.04273286 -0.040602755 -0.045975413 -0.046969526 -0.04280389 -0.04160867 -0.04085128 -0.037419368 -0.035206445 -0.038874976 -0.037608724
-0.057454467 -0.062992826 -0.065525316 -0.06819986 -0.07062582 -0.06925305 -0.068057835 -0.06690996 -0.14712131 -0.2864321 -0.12783174 -0.036153156 -0.07289795 -0.068898045 -0.064507574 -0.061501738 -0.060282834 -0.057241447 -0.05685093 -0.05711128 -0.053111378 -0.053845078 -0.057892375 -0.054022588 -0.047939874 -0.04422401 -0.039490342 -0.037620574 -0.030768648 -0.029123692
-0.058353867 -0.06159641 -0.06885073 -0.07021164 -0.06356086 -0.059489932 -0.06459043 -0.003597586 0.0650993 -0.17482486 -0.22426768 -0.06357269 -0.06441294 -0.07624705 -0.086140275 -0.12527558 -0.1558312 -0.12635249 -0.063205875 -0.06480346 -0.07080332 -0.06939508 -0.06789215 -0.06545433 -0.060637902 -0.05753734 -0.05036587 -0.04501684 -0.038022906 -0.029608905
-0.0588154 -0.06508747 -0.06775014 -0.07385653 -0.15071885 -0.15054137 -0.060247336 0.08087409 0.32547277 -0.022212552 -0.41626382 -0.18585429 -0.050484225 -0.079939276 -0.15809149 -0.271391 -0.26278764 -0.27692935 -0.122849666 -0.053880602 -0.07560796 -0.073927596 -0.072093256 -0.07519378 -0.07619967 -0.0718921 -0.06934776 -0.06292185 -0.058377538 -0.054129113
-0.06588034 -0.06782112 -0.068744235 -0.022768792 -0.10890904 -0.27850327 -0.24493 0.03676847 0.39579082 0.11132323 -0.4262991 -0.3453067 -0.06486264 -0.005680365 0.03505253 0.00054441195 0.007325328 -0.23161663 -0.29073972 -0.07629436 -0.062259138 -0.078803234 -0.077596135 -0.07869668 -0.07829429 -0.08506341 -0.08553677 -0.08099247 -0.07782095 -0.08067298
-0.07231809 -0.07293344 -0.07819965 0.08187997 0.25520194 0.033738982 -0.2763968 -0.1523638 0.28729594 0.21630335 -0.30363882 -0.4690083 -0.16358255 0.07867298 0.2704324 0.1992031 0.06505196 -0.18259984 -0.4540027 -0.23670529 -0.049632158 -0.0765074 -0.07522928 -0.07680319 -0.07976173 -0.08402201 -0.08460187 -0.084175795 -0.08602196 -0.08789174
-0.06786847 -0.07506357 -0.0766967 0.041407444 0.26326096 0.27051526 0.026756888 -0.108459346 0.15869501 0.2479122 -0.12641162 -0.4804281 -0.39519918 -0.0009822005 0.3021478 0.18509689 0.02022443 -0.033916477 -0.35377982 -0.443849 -0.10945343 -0.06322957 -0.0786375 -0.07850729 -0.07663755 -0.08103981 -0.08501608 -0.083146274 -0.08282676 -0.08597459
-0.07035365 -0.07472042 -0.07740672 -0.056294724 0.018094275 0.17480116 0.26565143 0.22232689 0.18746372 0.10298017 -0.037241854 -0.25527295 -0.2569416 0.07417599 0.2752016 0.15921575 0.031206481 0.034283336 -0.13837591 -0.46079543 -0.29533136 -0.057253312 -0.07131222 -0.07409319 -0.07596299 -0.0770044 -0.08281493 -0.083394796 -0.08272022 -0.08530005
-0.07299265 -0.077371225 -0.07659022 -0.0773239 -0.076377176 -0.026804212 0.12881394 0.31457353 0.24097742 0.032366246 0.016129863 -0.035277344 -0.06479157 0.021786561 0.06625903 0.06864954 0.041655995 0.020970013 -0.0036685392 -0.3023016 -0.48400208 -0.19624458 -0.05008185 -0.0746849 -0.07624699 -0.079347506 -0.08268476 -0.076874204 -0.077406734 -0.08354861
-0.07719375 -0.07848364 -0.076708525 -0.07898066 -0.077844605 -0.07494525 -0.043726962 0.15093182 0.27871636 0.19805521 0.06683886 0.02510012 0.004568015 0.003917095 -0.009124074 -0.010473166 0.028058618 0.021762902 0.017112117 -0.12779625 -0.4236364 -0.38496262 -0.0877734 -0.06246027 -0.07705176 -0.07537128 -0.07753694 -0.076886065 -0.07563162 -0.07898068
-0.08041264 -0.0814777 -0.08322911 -0.08209305 -0.08393919 -0.081643336 -0.06859038 0.18365307 0.34043103 0.23213732 0.06907559 0.060117163 0.04680379 0.048614413 0.017372452 0.0031833742 0.06098105 0.025029117 -0.024709554 -0.006922917 -0.13862443 -0.40934086 -0.239652 -0.05681544 -0.077868275 -0.0764837 -0.078483626 -0.07822332 -0.07689789 -0.079477705
-0.07636533 -0.08225876 -0.08067294 -0.078400806 -0.0823534 -0.080672964 -0.03109998 0.2973786 0.3492001 0.16025715 0.06427091 0.07737121 0.08163155 0.07023533 0.0539161 0.05643677 0.06446023 -0.00094667426 -0.0028756522 0.06900455 0.020177124 -0.33956712 -0.4309381 -0.11397406 -0.06744246 -0.07905167 -0.07673217 -0.07686241 -0.07765524 -0.077596076
-0.07408136 -0.070495635 -0.06405794 -0.064637765 -0.081252836 -0.14546451 -0.121630706 0.26330832 0.32425383 0.13043526 0.07021163 0.06934775 0.07054298 0.080732115 0.083087094 0.072282635 0.064696945 0.022946315 0.019325094 0.03436617 0.016532235 -0.22225586 -0.5128772 -0.2591072 -0.04119447 -0.07505177 -0.07514642 -0.076980725 -0.07617603 -0.07880316
-0.08689767 -0.1540324 -0.18301407 -0.17277762 -0.19347537 -0.19283636 -0.15077801 0.17435151 0.3043844 0.13181981 0.070827015 0.0649218 0.06585666 0.07197492 0.08274396 0.07537128 0.07173821 0.04410567 0.012697971 -0.009088555 -0.029952044 -0.08275571 -0.37850124 -0.44858268 -0.16786647 -0.056164578 -0.07143054 -0.07463759 -0.076483704 -0.077856444
-0.06576204 -0.19194877 -0.23063439 -0.13376057 -0.028318953 0.095406376 0.105406165 0.20101373 0.2517583 0.11416342 0.067158446 0.07358435 0.06979746 0.06476795 0.07010516 0.07998662 0.07591567 0.06627088 0.030662175 -0.021537991 -0.0364726 0.027857447 -0.11350067 -0.4213051 -0.38398042 -0.09644778 -0.060223684 -0.0797736 -0.07506362 -0.07753694
0.078874096 0.0708625 0.03267393 0.07483878 0.15781933 0.16476594 0.12804477 0.104258284 0.12178455 0.094045445 0.071868405 0.08109901 0.07956057 0.06924124 0.0712412 0.082448065 0.08334749 0.073821016 0.0526262 0.009242432 -0.02160899 0.018177168 0.013656545 -0.14355922 -0.4030451 -0.3105263 -0.06508749 -0.072815105 -0.07675587 -0.08132382
0.27972212 0.29582834 0.11991477 0.04392813 0.046720948 0.03823595 0.064921826 0.07185659 0.09234138 0.10424645 0.07468491 0.070649475 0.08251905 0.075726315 0.0746731 0.07550147 0.07367904 0.06502828 0.064105235 0.045999102 -0.0126506025 -0.041253623 -0.0008993569 0.031952042 -0.23422013 -0.46377766 -0.1581507 -0.057856873 -0.082992464 -0.08533559
0.35795733 0.43268955 0.25427893 0.1585767 0.11524032 0.08457815 0.067312285 0.05663792 0.06275614 0.099240646 0.09595078 0.067797504 0.08067298 0.08263739 0.07785643 0.07693339 0.073063634 0.06919396 0.073679045 0.0656437 0.010295708 -0.031443134 -0.02266224 0.03184554 -0.04851971 -0.42793223 -0.32524788 -0.07346603 -0.08076767 -0.08174985
0.19117957 0.29114205 0.20558165 0.22435048 0.25816047 0.25154522 0.21590099 0.17213854 0.13357128 0.12256559 0.11900358 0.09166683 0.086921334 0.08849523 0.07995111 0.08970237 0.082803085 0.072199814 0.080436274 0.0784008 0.04267373 0.009289818 -0.021691857 -0.034957875 -0.017881261 -0.31980422 -0.45459437 -0.1271809 -0.06345438 -0.08589182
-0.029549718 0.0036093583 0.010390303 0.06667319 0.112636775 0.13939363 0.16411503 0.17713252 0.16223341 0.1282578 0.13238789 0.15081353 0.1401037 0.12366616 0.11626986 0.10656591 0.09127629 0.07792748 0.07857831 0.074566536 0.05438944 0.03453189 0.017301446 -0.04790435 -0.036295127 -0.18542822 -0.43176648 -0.23573492 -0.061442573 -0.08816395
-0.11701542 -0.15113306 -0.15341705 -0.13676651 -0.08335928 -0.030673945 0.016934555 0.06687439 0.107181296 0.106423914 0.10107491 0.1199029 0.13060094 0.1366955 0.12908618 0.13036427 0.14490828 0.13292043 0.1252046 0.104731664 0.07868483 0.04502866 0.028946172 0.005360866 -0.021111954 -0.09421108 -0.37884447 -0.41867802 -0.118577525 -0.0739512
-0.049726803 -0.07500443 -0.10883804 -0.1257253 -0.11606865 -0.09941814 -0.070471965 -0.010378478 0.065004624 0.09519336 0.06436558 0.048117403 0.05799885 0.066247195 0.072554775 0.08905145 0.121252015 0.15187863 0.162624 0.19314405 0.22102518 0.19257599 0.16467127 0.17136931 0.12035266 0.0028875493 -0.21683584 -0.39077318 -0.18686016 -0.06515848
0.03649631 0.058472198 0.055939715 0.028425483 0.004035443 0.003585755 0.011964276 0.030200593 0.06172657 0.083643295 0.06565549 0.03979802 0.03844896 0.043596786 0.032224208 0.0052424814 0.0038934026 0.047075972 0.03160884 0.05124156 0.10506298 0.13554758 0.16613866 0.21693048 0.24381757 0.18215014 0.029111844 -0.22833861 -0.26076397 -0.10627006
0.089240804 0.13082576 0.11856567 0.07571448 0.044460658 0.03772706 0.038851295 0.03815309 0.045857076 0.05864974 0.051478274 0.03586914 0.034886885 0.032898776 -0.004993947 -0.042697366 -0.049016755 -0.032555543 -0.04513518 -0.070389114 -0.06221177 -0.046342276 -0.03144318 0.0015975744 0.059986938 0.05620004 -0.07427073 -0.2444803 -0.26314268 -0.1317962
0.13890843 0.18855242 0.14581957 0.070933476 0.047726873 0.053052194 0.052448682 0.052259304 0.052851006 0.05092207 0.046685465 0.041845344 0.034733042 0.035064425 0.019632772 0.008212874 -0.021301331 -0.041253597 -0.050365843 -0.09063723 -0.115997665 -0.121985726 -0.11431724 -0.10567835 -0.08713437 -0.09392714 -0.1292992 -0.14239953 -0.12114554 -0.09332355
0.13493218 0.21966419 0.20713192 0.12080231 0.067797475 0.049537465 0.057951503 0.0598213 0.054294784 0.05154929 0.048756436 0.04104064 0.041218128 0.04449618 0.055927873 0.0408986 0.0016686234 -0.03694597 -0.054294765 -0.08511071 -0.1087552 -0.118695855 -0.12838796 -0.13744104 -0.13862447 -0.119488694 -0.08566697 -0.071844764 -0.08038896 -0.08738284
0.048401374 0.14228114 0.21315548 0.21054013 0.15873054 0.09964299 0.065347806 0.052756373 0.055040333 0.053004865 0.052058138 0.050425023 0.046425104 0.05101674 0.052555177 0.04415299 0.018792553 -0.02343147 -0.052933842 -0.07796292 -0.10177309 -0.1147196 -0.12411585 -0.13049442 -0.13041161 -0.12066032 -0.102577865 -0.09416381 -0.09121712 -0.08866099
-0.036579177 0.01804697 0.10797414 0.17320357 0.20439824 0.18302591 0.14018652 0.10187961 0.07296898 0.061868604 0.05780952 0.05637759 0.053111393 0.046436932 0.044839356 0.043194413 0.029561553 -0.00370406 -0.04509967 -0.06493358 -0.08899228 -0.10799783 -0.11860116 -0.12564245 -0.1294412 -0.12592645 -0.11826984 -0.10122878 -0.08831779 -0.08677938

-- Channel 3 --
-0.54037964 -0.54951555 -0.56758624 -0.5813375 -0.59099406 -0.5973608 -0.61018896 -0.62069756 -0.6292181 -0.6390523 -0.64270896 -0.64672077 -0.65198684 -0.6560105 -0.6481172 -0.6453835 -0.64790416 -0.6475018 -0.64398706 -0.626946 -0.60792863 -0.6299873 -0.6252182 -0.60289913 -0.5939999 -0.59036684 -0.5811125 -0.5675152 -0.5552196 -0.5430778
-0.5635035 -0.57454467 -0.5936804 -0.6092422 -0.62444896 -0.6309696 -0.6410522 -0.65143067 -0.6563655 -0.6750397 -0.68159574 -0.6776432 -0.68371403 -0.6845898 -0.6848856 -0.68176144 -0.68466085 -0.6844596 -0.68551284 -0.67901593 -0.6556555 -0.6499751 -0.66417605 -0.65440106 -0.64075637 -0.63169146 -0.6169699 -0.60272163 -0.5920355 -0.57680494
-0.58397645 -0.5991951 -0.61804676 -0.6357387 -0.6490994 -0.6580223 -0.66248375 -0.6654304 -0.6496674 -0.6307329 -0.6570164 -0.6884714 -0.7053113 -0.715098 -0.7177134 -0.71882576 -0.7227074 -0.72489667 -0.7280682 -0.7312279 -0.7196069 -0.70533496 -0.7072639 -0.7105893 -0.6991576 -0.68584424 -0.674732 -0.6573714 -0.63567954 -0.61528945
-0.60288733 -0.614461 -0.6316678 -0.6523064 -0.661182 -0.6716788 -0.6746255 -0.6490638 -0.43187296 -0.17564145 -0.4288434 -0.6860572 -0.72394997 -0.7358432 -0.74563 -0.75793743 -0.7691206 -0.77818555 -0.772659 -0.76225686 -0.7644462 -0.7615824 -0.7573339 -0.76037526 -0.7597244 -0.7512039 -0.7402691 -0.7264469 -0.70319295 -0.6779627
-0.62425965 -0.6345553 -0.6481882 -0.6681641 -0.68824655 -0.6982463 -0.69783217 -0.6691226 -0.27945003 0.25720194 -0.239865 -0.7232754 -0.72870725 -0.74319214 -0.7284114 -0.66044825 -0.6102362 -0.6505905 -0.75049376 -0.79083616 -0.7864694 -0.7914515 -0.79787743 -0.7994159 -0.8037353 -0.8034395 -0.80203116 -0.79295444 -0.77863526 -0.7607421
-0.6455965 -0.65366733 -0.6718327 -0.6463184 -0.5363797 -0.5177411 -0.6489692 -0.7269913 -0.358904 0.4611505 0.2748347 -0.56126684 -0.7535233 -0.7086839 -0.4774578 -0.11920469 0.01693456 -0.16644633 -0.60452044 -0.78006715 -0.80232704 -0.8052619 -0.81138015 -0.81585336 -0.82051605 -0.82853955 -0.8373441 -0.83896536 -0.83298916 -0.8278059
-0.65653116 -0.6699392 -0.68707496 -0.6423184 -0.268894 -0.061336055 -0.32424203 -0.552048 -0.37658414 0.4626771 0.59968024 -0.26870468 -0.7547185 -0.70905083 -0.25505996 0.2644444 0.24797136 0.20346338 -0.34050205 -0.7530026 -0.7992857 -0.81446886 -0.8181729 -0.8169421 -0.82530886 -0.8324803 -0.84221977 -0.8483143 -0.8496397 -0.84901255
-0.653194 -0.6730752 -0.6917968 -0.7408608 -0.4712923 -0.0123192705 0.030271579 -0.22547473 -0.18162946 0.4849725 0.71241164 0.1305181 -0.62730104 -0.64943075 -0.16070682 0.3946548 0.4412574 0.55389416 0.31026596 -0.5401666 -0.8084808 -0.82143915 -0.8269183 -0.8201373 -0.82268167 -0.8270958 -0.8407878 -0.84844446 -0.85074025 -0.85088235
-0.6576554 -0.67928815 -0.7005185 -0.7681502 -0.7832979 -0.4161691 0.09590345 0.18202004 0.07907533 0.40367237 0.69671965 0.5433027 -0.06179757 -0.22358136 0.074258864 0.4445473 0.5276343 0.55196524 0.595065 -0.022804275 -0.7447306 -0.8187646 -0.8296638 -0.81930894 -0.82463425 -0.8267881 -0.8365039 -0.8426577 -0.8423854 -0.8430955
-0.6699511 -0.6886371 -0.7066367 -0.72843504 -0.7766708 -0.7883392 -0.5267586 -0.034875035 0.27716604 0.48113823 0.676306 0.7382929 0.4625469 0.11632901 0.12245907 0.38192132 0.5152914 0.50576496 0.58475745 0.42316306 -0.44973058 -0.8070844 -0.8273325 -0.8261017 -0.8287052 -0.82924956 -0.8342081 -0.83816063 -0.8360187 -0.838776
-0.6823058 -0.6964239 -0.7142224 -0.72869545 -0.7335829 -0.77103776 -0.8264332 -0.62526554 0.11699172 0.7771205 0.76113266 0.7156898 0.67541844 0.511398 0.47019172 0.46158832 0.5222617 0.55704206 0.5256581 0.5836096 0.11131136 -0.6026388 -0.77625656 -0.82662237 -0.8285159 -0.8292259 -0.83185303 -0.83768725 -0.83553344 -0.83476424
-0.6882939 -0.7068852 -0.7187548 -0.7285298 -0.7388254 -0.7482926 -0.75403214 -0.67061377 0.012780781 0.7035007 0.76695496 0.7704342 0.7397603 0.70774907 0.6902228 0.59723055 0.6042127 0.63913506 0.5314567 0.54753935 0.6005796 -0.073394984 -0.7347071 -0.81753385 -0.8341607 -0.8330246 -0.8327288 -0.8365512 -0.8352494 -0.83568734
-0.68589157 -0.7015125 -0.71289694 -0.7201157 -0.72075474 -0.73263615 -0.71481395 -0.5611012 0.14307405 0.5902366 0.76003206 0.793203 0.7956409 0.77895474 0.7667183 0.744991 0.69134706 0.6712173 0.5943668 0.5989347 0.6595133 0.38609877 -0.5269362 -0.84251565 -0.832788 -0.83295363 -0.8300425 -0.8321489 -0.8374269 -0.8340187
-0.68182063 -0.6903767 -0.7008735 -0.700696 -0.70021075 -0.70963067 -0.71437615 -0.5482375 0.23453966 0.6876193 0.7886824 0.7708958 0.7739016 0.79075336 0.80435073 0.79990107 0.7742921 0.7705526 0.6764953 0.5906981 0.56565726 0.5629828 -0.092388675 -0.77729803 -0.8315098 -0.83031464 -0.8303265 -0.8309182 -0.83259857 -0.8358293
-0.68124074 -0.695418 -0.71128744 -0.71182 -0.6604719 -0.5458115 -0.43892607 -0.31105885 0.3596969 0.73457694 0.7927178 0.78364104 0.774304 0.77846956 0.7857593 0.79619694 0.79855204 0.8097589 0.72170144 0.63324165 0.54745644 0.579515 0.32370946 -0.516818 -0.8162203 -0.8301963 -0.82812536 -0.83013713 -0.83282346 -0.833214
-0.6316204 -0.5251728 -0.4396006 -0.3816373 -0.22861077 0.0136210425 0.160553 0.1092404 0.47021538 0.7514879 0.7973449 0.79727393 0.7967295 0.78059965 0.7742921 0.80231524 0.8047412 0.81839776 0.7837357 0.6921873 0.583432 0.5491369 0.61848456 -0.005775044 -0.6273957 -0.7567421 -0.8272733 -0.8335335 -0.8347879 -0.83645654
-0.51185954 -0.080980614 0.1214295 0.10061336 0.20100187 0.26866916 0.377093 0.37731785 0.49052262 0.7332989 0.8096405 0.8020075 0.8054631 0.8045282 0.7895818 0.79729754 0.8184096 0.81691843 0.80694234 0.756257 0.6548862 0.52326757 0.5708879 0.52274686 -0.108057 -0.68834126 -0.81110793 -0.83756894 -0.8365157 -0.84100085
-0.42582577 0.20290715 0.4180034 0.32891646 0.3474841 0.40842965 0.5413619 0.6434901 0.67451894 0.7789784 0.81250435 0.8045874 0.80868196 0.81753385 0.8156996 0.80439806 0.8132262 0.81249255 0.8066702 0.8040667 0.72275466 0.5586633 0.48694882 0.6045322 0.45361218 -0.37405157 -0.7974633 -0.83069336 -0.84132034 -0.8438411
-0.4711266 0.17755856 0.50891286 0.59747905 0.6102954 0.65832996 0.6615133 0.68169045 0.6911577 0.74336964 0.8241728 0.8092382 0.81120265 0.8344921 0.8344211 0.83109576 0.83210164 0.8264212 0.80637425 0.81069374 0.7857475 0.6416675 0.53363425 0.47878328 0.59020114 0.194718 -0.7170743 -0.8450126 -0.84064585 -0.8440304
-0.6703888 -0.17740473 0.13739368 0.30353236 0.45182523 0.56565726 0.63917065 0.70009243 0.7192518 0.74011534 0.7984691 0.8258887 0.81769955 0.8457818 0.8425511 0.84709543 0.8474031 0.8369536 0.814031 0.8113328 0.79960525 0.73112136 0.60807055 0.4708426 0.46544623 0.43584928 -0.40087947 -0.83134425 -0.83825535 -0.8459356
-0.7655113 -0.5878935 -0.32778037 -0.17429236 -0.02756156 0.11851831 0.2729294 0.40614566 0.53262836 0.6182598 0.6955363 0.79072964 0.8188948 0.8373678 0.8516042 0.84855103 0.8463025 0.82882357 0.8130369 0.80835056 0.78858775 0.7559256 0.69855404 0.56519574 0.46968287 0.54357487 -0.022236241 -0.7365178 -0.8381489 -0.8501723
-0.66137135 -0.6652884 -0.5897278 -0.5079188 -0.38883242 -0.22463454 -0.06302832 0.10952443 0.29425442 0.46045226 0.5600479 0.6271353 0.68819916 0.7281274 0.76294327 0.7783512 0.79722655 0.8105873 0.8194983 0.80697787 0.793842 0.77403176 0.7188377 0.6793473 0.569527 0.5511723 0.29831356 -0.56120765 -0.84685874 -0.8461842
-0.48765883 -0.4202519 -0.3692943 -0.33025372 -0.31426588 -0.2790121 -0.20336868 -0.07308729 0.12190287 0.33847842 0.45423934 0.48548138 0.527516 0.5683318 0.6017867 0.60854393 0.6062718 0.6427445 0.68423474 0.69837654 0.73423374 0.7621031 0.7247192 0.74082536 0.72082573 0.6224253 0.5031733 -0.13408016 -0.76482487 -0.83417255
-0.3673062 -0.19757 -0.028591145 0.06152538 0.05420009 0.049975336 0.06261412 0.08747754 0.15407974 0.28344992 0.41568393 0.4471863 0.45731625 0.4776827 0.4909487 0.4603339 0.38651294 0.39917535 0.3873295 0.35540113 0.35052547 0.37046593 0.37902194 0.40128186 0.49664092 0.5488528 0.47943416 0.058164522 -0.708542 -0.8636986
-0.29814786 -0.068602175 0.16710906 0.28371024 0.30169806 0.2963964 0.29392308 0.29457393 0.30795828 0.35743657 0.43100908 0.4603458 0.4516004 0.44541118 0.4309736 0.3747617 0.32678628 0.2570599 0.23644494 0.14277819 0.051537428 0.0052188355 -0.039312825 -0.08195099 -0.061288703 0.021396032 -0.04049623 -0.22177067 -0.6454781 -0.86794704
-0.28726047 -0.030378094 0.23377043 0.37588593 0.42851207 0.4475768 0.45627487 0.46790776 0.4725349 0.47597858 0.4913392 0.50344545 0.49737462 0.48814404 0.49046353 0.46813262 0.40861902 0.27676365 0.20543966 0.08230603 -0.09112243 -0.22534457 -0.3201829 -0.38833538 -0.43531668 -0.42027557 -0.41055977 -0.4338729 -0.5655981 -0.78100204
-0.37477353 -0.12290878 0.17420952 0.35761413 0.43196765 0.45825112 0.47801402 0.49268827 0.5027236 0.51168203 0.5185694 0.52082974 0.5168653 0.51114947 0.5262261 0.5229599 0.46814445 0.37208718 0.2491311 0.12690869 -0.035632428 -0.2101733 -0.3777794 -0.51864046 -0.64134806 -0.69890904 -0.68144196 -0.6974416 -0.75897884 -0.81593627
-0.53316087 -0.35037163 -0.050922032 0.22155769 0.36798075 0.44425142 0.47699633 0.49519718 0.50501937 0.5145932 0.5203682 0.53112537 0.53219044 0.5267586 0.52485335 0.5235871 0.50926787 0.44544667 0.3181356 0.18476552 0.028579311 -0.1345535 -0.29565084 -0.442926 -0.58186996 -0.7026841 -0.79091895 -0.82818455 -0.8306341 -0.83212525
-0.6403067 -0.5738819 -0.3904537 -0.11264862 0.1286956 0.3021596 0.41050062 0.4773158 0.5084276 0.5165695 0.52274686 0.5329597 0.5363915 0.5288414 0.5197765 0.5214924 0.51466423 0.47498456 0.37012273 0.2367408 0.090731904 -0.073170125 -0.23367578 -0.38654846 -0.53272307 -0.650768 -0.74071884 -0.79100186 -0.81497765 -0.8199953
-0.65721756 -0.6604601 -0.6102126 -0.47084263 -0.24549802 -0.00028401334 0.19379492 0.3357092 0.4366658 0.48679492 0.50813174 0.5216345 0.52685326 0.5270426 0.5193268 0.51164645 0.5074927 0.4809371 0.39922273 0.2746335 0.14667161 -0.008520541 -0.17140484 -0.33456132 -0.47995484 -0.60405886 -0.70440006 -0.77432764 -0.8066583 -0.8080192

-- Channel 4 --
-0.707323 -0.7148023 -0.7272872 -0.7452275 -0.75992554 -0.7684935 -0.7770493 -0.79184204 -0.8052264 -0.8134866 -0.8233444 -0.824078 -0.82865787 -0.83986473 -0.8397937 -0.8440185 -0.8412139 -0.84688234 -0.8463025 -0.8313679 -0.8268946 -0.8250366 -0.81650424 -0.804966 -0.7954634 -0.78538066 -0.7762447 -0.7607538 -0.74664766 -0.7327662
-0.73490816 -0.73794955 -0.7494998 -0.7710495 -0.7861378 -0.7949663 -0.813735 -0.8243385 -0.838066 -0.8550005 -0.87214816 -0.8718404 -0.86629033 -0.8739942 -0.8818049 -0.8822071 -0.885852 -0.89308274 -0.8951182 -0.8843254 -0.8610714 -0.86063355 -0.86259794 -0.8526574 -0.83806574 -0.8206344 -0.80724996 -0.7948833 -0.78025657 -0.7637952
-0.7656059 -0.7717123 -0.78134507 -0.7979367 -0.814528 -0.8250839 -0.8417936 -0.84910727 -0.8433558 -0.8360896 -0.8074156 -0.86202997 -0.9032007 -0.9122774 -0.92520034 -0.92458475 -0.9319102 -0.9392475 -0.9424308 -0.94644254 -0.9283245 -0.91230106 -0.9138514 -0.91088104 -0.8929526 -0.8826922 -0.8719824 -0.8503851 -0.8294034 -0.80629146
-0.7867297 -0.7891793 -0.80399567 -0.8197468 -0.83373463 -0.85021955 -0.87394696 -0.8265041 -0.6921162 -0.60637826 -0.39859554 -0.6779034 -0.93644273 -0.9352238 -0.95601624 -0.96485627 -0.97903347 -0.99487925 -0.9893765 -0.9900156 -0.9946664 -0.97590923 -0.9673534 -0.9717084 -0.9633061 -0.954608 -0.9390226 -0.9231412 -0.9030469 -0.88186395
-0.8115104 -0.8145636 -0.82691824 -0.8512491 -0.8637579 -0.8868224 -0.91220653 -0.79649276 -0.5968874 -0.49661726 -0.18774772 -0.4469378 -0.91325974 -0.9568446 -0.941768 -0.90445536 -0.83949786 -0.80506074 -0.8690002 -1.0037076 -1.0268313 -1.0270799 -1.0263816 -1.0269142 -1.0248197 -1.0266657 -1.0118734 -1.0003705 -0.98748314 -0.963164
-0.8278886 -0.8357819 -0.8556041 -0.82572305 -0.804114 -0.72365403 -0.7136306 -0.8698996 -0.73910946 -0.09512234 0.40142393 -0.10200976 -0.83471686 -0.92092824 -0.77365315 -0.5256225 -0.22394815 -0.33431277 -0.45047608 -0.8441249 -1.0474583 -1.0416121 -1.0549728 -1.0598603 -1.0627362 -1.0658602 -1.0658959 -1.0687121 -1.0587952 -1.039553
-0.8436516 -0.8502787 -0.8727636 -0.76054084 -0.69658947 -0.5396222 -0.30244365 -0.4968421 -0.6253365 0.0151239475 0.7343403 0.20232731 -0.6202006 -0.855533 -0.6809567 -0.40692675 0.07579731 -0.0018223973 -0.2143034 -0.53064024 -0.97990936 -1.0562272 -1.0591737 -1.070582 -1.0764754 -1.0815521 -1.0800256 -1.089552 -1.0855285 -1.0818481
-0.84816056 -0.8574738 -0.8792369 -0.89336646 -0.755251 -0.4532572 -0.33220634 -0.31863257 -0.22855158 0.20859936 0.8957572 0.4419793 -0.28452677 -0.7510026 -0.7142933 -0.06851932 0.6077984 0.76635146 0.34435993 -0.2160548 -0.7712507 -1.0575999 -1.068073 -1.0750079 -1.073576 -1.0806292 -1.0863448 -1.0941434 -1.0945457 -1.0940607
-0.8499 -0.8627874 -0.8856863 -1.0445824 -0.9736608 -0.3714718 -0.0076685213 -0.16609132 -0.22346292 0.33370918 0.9720514 0.7587421 0.20427991 -0.3003845 -0.3097689 0.31299967 0.7455589 0.7997473 0.7393342 0.15244663 -0.43532845 -0.9716844 -1.0774456 -1.0740258 -1.0758127 -1.080215 -1.0800138 -1.0842266 -1.0874337 -1.0841439
-0.85226685 -0.85804194 -0.88727206 -0.9383597 -1.0310442 -0.93536586 -0.48193112 -0.08513437 -0.06564365 0.3029998 0.9452945 1.0544521 0.5571485 -0.06954889 -0.06215256 0.46072444 0.68448323 0.66645986 0.8466929 0.48707888 -0.122163236 -0.7338313 -1.070925 -1.0805817 -1.082629 -1.0845934 -1.083848 -1.0850075 -1.085481 -1.0808184
-0.84917825 -0.86017203 -0.8938636 -0.91189873 -0.9277446 -1.0189381 -1.0821321 -0.65522933 -0.03404664 0.49026233 0.92665577 0.9832227 0.8517935 0.6274075 0.5503676 0.69715756 0.7140684 0.6698801 0.79907256 0.8131434 0.2131555 -0.36940086 -0.8242319 -1.0704162 -1.0834692 -1.0852797 -1.0880846 -1.0914098 -1.091824 -1.0821556
-0.8488824 -0.86543804 -0.89219505 -0.91628915 -0.93040735 -0.9472237 -1.0025716 -0.8523141 -0.50365853 0.38882062 0.9947848 0.97396845 0.95466715 0.9159696 0.8461013 0.8272852 0.79254025 0.7877829 0.7778778 0.8731895 0.6592294 0.0024496613 -0.47802594 -0.96796864 -1.0957648 -1.0889839 -1.0920134 -1.0914454 -1.0915283 -1.0874692
-0.8467167 -0.857876 -0.88504726 -0.9011299 -0.9172953 -0.9345493 -0.88834906 -0.78748715 -0.66120565 0.39493877 1.0048792 1.0350088 1.0349495 0.97972 0.9956605 0.9480756 0.83495355 0.8433675 0.91079813 0.8225632 0.8465628 0.43717468 -0.15944056 -0.8058299 -1.0949721 -1.0873508 -1.0868775 -1.0935282 -1.093966 -1.085268
-0.8443854 -0.85849154 -0.8745268 -0.8837691 -0.8983606 -0.9108219 -0.89256203 -0.84287065 -0.45253527 0.6466379 1.0140153 1.0044651 1.0250444 1.0300148 1.0491977 1.0216244 0.993542 1.0116721 0.95318794 0.7727655 0.8340069 0.82052785 0.22799544 -0.5237528 -1.0460145 -1.0907 -1.0887474 -1.0875403 -1.0919069 -1.0923921
-0.8455806 -0.8547402 -0.8811064 -0.8932956 -0.8655328 -0.7824931 -0.6678918 -0.53826135 -0.12824593 0.7589433 1.0329615 1.0254706 1.0227488 1.0298609 1.0323225 1.0316714 1.0591977 1.0504524 0.9847494 0.8892247 0.8701125 0.9203247 0.4683575 -0.16131036 -0.81923795 -1.097256 -1.0853982 -1.0889012 -1.0909839 -1.0864514
-0.7985638 -0.74874234 -0.61554974 -0.49685386 -0.405483 -0.22224404 -0.1383996 -0.10716938 0.26558048 0.86807704 1.0388193 1.0440501 1.0295888 1.016311 1.0348312 1.0417306 1.0482512 1.072712 1.0397307 0.9729746 0.89023066 0.9127507 0.72785515 0.15028101 -0.40648884 -0.83651555 -1.0702032 -1.0936229 -1.0955637 -1.0899898
-0.645407 -0.50184786 -0.17249356 0.034839563 -0.022094212 0.055797707 0.19806702 0.20842183 0.48913804 0.90001744 1.0430087 1.0442276 1.0395175 1.040902 1.030441 1.049269 1.0575645 1.0715642 1.063103 1.0198374 0.9364545 0.7960195 0.87997043 0.5943667 -0.08880291 -0.45690212 -0.92209965 -1.1025338 -1.0937766 -1.0912443
-0.6045322 -0.38413426 0.15390223 0.2884794 0.27733168 0.4411746 0.6761047 0.787286 0.8871774 0.9706432 1.0157192 1.0494937 1.0407482 1.0475883 1.0481207 1.0415648 1.0485468 1.0646412 1.0807239 1.052606 0.96383876 0.8440303 0.8147645 0.8621838 0.39381456 -0.14936973 -0.62625957 -1.0648423 -1.0937413 -1.0905461
-0.74773645 -0.40942368 0.48670024 0.76571226 0.8134037 0.86605364 0.87224287 0.8871063 0.9104905 0.96247774 1.0134709 1.0463457 1.0583929 1.0522746 1.0734222 1.0698837 1.070996 1.0719429 1.064014 1.0572331 1.0258019 0.9546081 0.7770021 0.7464347 0.8409298 0.27784052 -0.35142496 -0.9698384 -1.0955874 -1.08199
-0.8917335 -0.51356363 0.13936993 0.39457193 0.51520854 0.65841275 0.7877356 0.88505906 0.9252238 0.9529512 1.0135063 1.0370797 1.0556593 1.0617418 1.0771735 1.0771024 1.0789014 1.0783687 1.0529611 1.0307367 1.0714577 0.9988201 0.8325157 0.71887314 0.7673691 0.5402021 -0.0025325036 -0.76899034 -1.0792326 -1.0751382
-1.010252 -0.67746574 -0.21974707 -0.05731249 0.032744866 0.1725054 0.31947294 0.47613242 0.62424767 0.7483045 0.8895678 0.98387367 1.0183228 1.0581915 1.0836114 1.0824516 1.071221 1.0673277 1.0423812 1.0314825 1.0475056 1.0114471 0.9254843 0.8226816 0.7848126 0.7425649 0.23592423 -0.4628546 -1.0050684 -1.0756114
-0.8907513 -0.8042441 -0.6456793 -0.5275515 -0.34564984 -0.13544108 0.062318243 0.23194794 0.38702178 0.5474801 0.6934416 0.8028004 0.86730796 0.91875076 0.96451324 0.99595606 1.0192695 1.0368904 1.0242869 1.0359554 1.048973 1.0048318 1.0033644 0.90859705 0.7747654 0.86348563 0.49046355 -0.21022063 -0.8435805 -1.0767001
-0.6831105 -0.60786945 -0.5524031 -0.50394243 -0.44152945 -0.36942455 -0.24104843 -0.05476813 0.17517991 0.38715196 0.54774046 0.66748947 0.7353462 0.78355813 0.80775905 0.8156878 0.84003043 0.830208 0.8612133 0.9025972 0.92541337 0.9536492 1.0081809 0.99183786 0.8930234 0.8867041 0.8074868 0.17645802 -0.52978814 -1.0049502
-0.5829587 -0.422808 -0.28008908 -0.15635185 -0.0834776 -0.06286264 -0.041371938 0.0050058216 0.10251865 0.28445587 0.4687361 0.5797635 0.6222597 0.6617145 0.69093275 0.684152 0.6497977 0.6018578 0.58809465 0.5890176 0.528226 0.5330899 0.54144466 0.55758643 0.6602352 0.7289912 0.76742834 0.2707046 -0.41296214 -0.94530654
-0.4942031 -0.26550946 -0.04455531 0.17131017 0.26857445 0.26502424 0.25639722 0.2581605 0.2904202 0.38233554 0.5062857 0.57360977 0.5748996 0.5642253 0.5435276 0.5676572 0.49305516 0.46006173 0.41848856 0.37676162 0.32522425 0.28339073 0.20623249 0.1197727 0.13237606 0.13852976 0.161334 0.030200535 -0.4972444 -0.9620752
-0.48989546 -0.23032676 0.08858993 0.40969586 0.54164594 0.55717224 0.56634367 0.5761659 0.57391745 0.5824735 0.61706454 0.64953727 0.64468515 0.6285081 0.6393009 0.6192301 0.51607245 0.42561278 0.32646683 0.19275352 0.030271577 -0.098222874 -0.18003187 -0.22816111 -0.26747394 -0.2474625 -0.19430378 -0.18686014 -0.5227588 -0.9319457
-0.55658054 -0.3109642 0.023620812 0.36548373 0.5359301 0.58681667 0.6102007 0.6247922 0.6453952 0.65966713 0.6721877 0.67600995 0.66457844 0.6657379 0.6779271 0.64314675 0.60165644 0.5090667 0.38582653 0.25776994 0.06709924 -0.17030427 -0.3809391 -0.5661069 -0.706542 -0.7261747 -0.7030628 -0.7722212 -0.90471536 -1.0014827
-0.6705545 -0.4626415 -0.15480164 0.14707397 0.3743593 0.51922035 0.60088736 0.6271117 0.65089816 0.66566706 0.6821519 0.688495 0.6921635 0.68206906 0.66818774 0.67301613 0.67825854 0.60482806 0.48814404 0.33606422 0.15000881 -0.055785853 -0.2635923 -0.45833397 -0.63583326 -0.8231787 -0.9568564 -1.0102874 -1.0149144 -1.0166423
-0.77565306 -0.6641996 -0.446275 -0.16025712 0.07648365 0.27362755 0.4574109 0.58005935 0.64524144 0.66874397 0.6801757 0.6889091 0.69140613 0.6867317 0.6853353 0.6891459 0.68403363 0.64292204 0.5500244 0.40130553 0.20859936 0.014248235 -0.18922697 -0.3861106 -0.56956244 -0.7341036 -0.852468 -0.9424189 -0.9833884 -1.0004059
-0.804114 -0.791274 -0.7276894 -0.5328058 -0.2664562 -0.027739098 0.1710261 0.3439103 0.49744564 0.6052185 0.6544957 0.6757024 0.6839271 0.6859745 0.6856904 0.6832288 0.6724243 0.649336 0.57382274 0.44532833 0.273888 0.090779245 -0.11253028 -0.30836064 -0.50591886 -0.6758444 -0.81019676 -0.90807635 -0.9586078 -0.9877317

-- Channel 5 --
-0.0120589305 -0.013005617 -0.01186957 -0.011159525 -0.0112423375 -0.0145323 -0.011822236 -0.011857764 -0.0139759965 -0.008520554 -0.0045561213 -0.00804719 -0.0042247362 -0.007313461 -0.012307474 -0.016697908 -0.016106183 -0.014035171 -0.014579624 -0.020579409 -0.035490464 -0.023822041 -0.008094526 -0.008141843 -0.015183066 -0.012449486 -0.014615089 -0.010627033 -0.012283791 -0.013076639
-0.00854418 -0.0059052217 -0.00031954213 -0.0028757304 -0.003136022 -0.0055738296 -0.00661523 -0.009786785 -0.014094368 -0.010058939 -0.014899159 -0.016816264 -0.005230647 -0.0035383706 -0.0060945307 -0.010106343 -0.0060827206 -0.008272011 -0.00776321 -0.0011834961 -0.01992859 -0.021277644 -0.017076608 -0.008579751 -0.011171333 -0.009573766 -0.0053371587 -0.0061536995 -0.010437633 -0.009561974
-0.019325083 -0.015313322 -0.007739472 -0.005183311 -0.008615237 -0.0066862116 -0.008934736 -0.0023787003 0.004236658 -0.023419643 0.023750966 0.008165466 -0.0128637 -0.010236526 -0.013739403 -0.00930158 -0.00743186 -0.009692208 -0.0012899691 -0.0010295974 -0.00018938055 -0.0019407885 -0.0050058505 -0.005325384 -0.0061892397 -0.006307569 -0.01223647 -0.011644816 -0.0100944135 -0.012532262
-0.019762898 -0.014165428 -0.0111832125 -0.013632868 -0.012236431 -0.01436661 -0.02778641 0.031360358 0.032910556 -0.1759255 0.034366176 0.09108695 -0.018082472 -0.012520452 -0.013881387 -0.013656521 -0.0057395375 -0.006508763 -0.014816344 -0.003857946 -0.0058933953 9.465945e-05 0.0070885485 -0.00018937158 0.0021537757 0.0022248132 0.0032780478 0.0011834253 -0.0025088773 -0.006662642
-0.015490834 -0.018532185 -0.01604701 -0.018970024 -0.015822193 -0.014236383 -0.0348159 0.057537276 0.04973863 -0.457044 -0.38194495 0.025182907 0.0031005202 -0.012567814 -0.0013135639 0.0017988018 -0.0032070829 0.011644743 0.059016507 -0.0053016767 -0.019526254 -0.015822174 -0.0103903385 -0.00775135 -0.002769195 0.002402307 0.010816299 0.016449347 0.012354712 0.01592869
-0.014082585 -0.014650601 -0.015549976 0.025952179 -0.036449004 -0.030674001 0.06825895 0.16366532 0.25059852 -0.36600444 -0.41742355 -0.008709841 0.009727601 0.033301074 0.021206593 -0.09746547 -0.046034567 -0.15419813 0.054436814 0.08049538 -0.028958013 -0.028922567 -0.022899019 -0.024591211 -0.014626919 -0.012674332 3.543892e-05 0.007668454 0.013869495 0.02190485
-0.017703764 -0.014544067 -0.0137511995 0.06095732 -0.06285088 -0.26573426 -0.096364945 0.28488183 0.43748233 -0.18894294 -0.38254854 -0.11758342 0.05349007 0.091288075 -0.01229564 -0.33395776 -0.39315188 -0.51864046 -0.36445415 0.06395137 0.017502623 -0.037170872 -0.029739099 -0.03248458 -0.031443175 -0.028898856 -0.014248268 -0.010130067 -0.008248393 0.00039045996
-0.025005387 -0.022046918 -0.018449323 0.08867276 0.023478808 -0.32567385 -0.5047946 -0.19328605 0.3389281 0.034768518 -0.3085145 -0.2507524 0.030271636 0.2382792 0.15121591 -0.1587542 -0.08679117 -0.2500778 -0.361472 -0.12527564 0.072684914 -0.027928453 -0.033892833 -0.035265554 -0.03273311 -0.035028894 -0.029324925 -0.029881103 -0.029952092 -0.026401896
-0.029455006 -0.026342709 -0.027052736 0.11571364 0.22653982 0.20610237 -0.008023489 -0.30346134 -0.14612722 -0.09150115 -0.1613932 -0.297781 -0.09888561 0.1971321 0.21820861 -0.043738753 0.05078003 -0.02919465 -0.30079868 -0.2787163 0.03605845 0.023549741 -0.03653179 -0.033644278 -0.030602988 -0.034034852 -0.025372317 -0.023940394 -0.02782202 -0.027561642
-0.018342812 -0.020200837 -0.021159366 0.005064908 0.0996311 0.26207754 0.3358276 0.24366374 0.018046971 -0.23281188 -0.09118159 -0.21321464 -0.24068153 -0.1623636 -0.1255596 -0.07238906 0.03162067 0.0071478025 -0.16904984 -0.3582768 -0.15090817 0.0701169 -0.02421258 -0.03589277 -0.032236055 -0.034212396 -0.029324904 -0.025703669 -0.028058708 -0.030224299
-0.019869488 -0.017751167 -0.020508517 -0.020271765 -0.019881258 0.04332459 0.19245766 0.42190865 0.35954306 0.028922517 -0.0002958179 -0.090187564 -0.065217614 -0.0488629 -0.052993014 0.03899332 0.07945402 0.024685893 -0.028875193 -0.24808969 -0.2836511 -0.06670878 0.0826847 -0.024283573 -0.02751425 -0.030094117 -0.029064493 -0.025017321 -0.031123698 -0.029537892
-0.023774695 -0.018366555 -0.026425542 -0.015609171 -0.020733291 -0.01736063 0.02865027 0.30565065 0.22018486 0.02700536 0.014828131 -0.011573756 -0.04336004 -0.023325 -0.040046524 0.01061517 0.062294587 0.009632955 0.053277034 -0.11195041 -0.28379312 -0.31193462 0.0012543902 0.02461489 -0.03586912 -0.031147271 -0.03212951 -0.03065026 -0.027028995 -0.02857927
-0.024579408 -0.021005537 -0.022390146 -0.020709641 -0.0179523 -0.018437505 0.004366711 0.26997092 0.040614527 -0.13489671 0.031608846 0.03440165 0.007277999 -0.011869568 -0.06796315 -0.036993295 -0.030224282 -0.066519365 0.017833972 0.028555647 -0.21887133 -0.42700917 -0.17199653 0.030330729 -0.03274488 -0.035324734 -0.03350228 -0.03086327 -0.032520115 -0.027963957
-0.025289472 -0.024650436 -0.02772729 -0.023774743 -0.030531978 -0.03367981 0.020011423 0.33335426 -0.0144730965 -0.07597475 0.029194688 0.016118031 0.03164434 0.023691796 0.003301686 0.00092308613 -0.011017517 -0.06411707 0.015514542 0.017762944 -0.060341924 -0.3214373 -0.20779468 0.046874765 -0.010899258 -0.040792096 -0.033857316 -0.03379813 -0.033360273 -0.033502314
-0.024437383 -0.020461136 -0.026117882 -0.021431563 -0.008070899 -0.02427168 0.041395556 0.38398042 0.058389332 -0.008059027 0.03463834 0.025313089 0.031940166 0.038082108 0.03637796 0.012484979 0.01796414 -0.016248198 0.011526412 0.02160899 0.042732887 -0.13442332 -0.31078663 -0.040212214 0.07156068 -0.039963733 -0.034886867 -0.030863315 -0.03199938 -0.03198752
0.018070713 -0.018638676 0.010177297 0.09545367 0.055702962 0.0087808985 -0.057892326 0.14667161 0.027088199 0.016721565 0.027597073 0.023455147 0.027892902 0.029526014 0.045253612 0.040212233 0.028058568 -0.0020117953 -0.0005206778 0.0003905663 0.049821537 -0.019940402 -0.3003608 -0.28079903 -0.028484633 0.09088573 -0.024378225 -0.033301085 -0.033324767 -0.031951986
0.06797494 -0.110139765 -0.17248179 -0.09782054 -0.13523985 -0.20618519 -0.2979467 -0.16668302 -0.14199713 -0.04569136 0.0145440865 0.01907651 0.011384354 0.012804494 0.026650323 0.031821813 0.02984559 0.008709885 -0.0050530974 -0.026792398 -0.00068633625 0.037644222 -0.18883644 -0.32580408 -0.35825327 -0.005633075 0.046496093 -0.0355496 -0.02822431 -0.028922504
0.12538207 -0.1651801 -0.3212835 -0.26890582 -0.2012149 -0.12595014 -0.052413177 0.025111943 0.036815837 0.03395201 0.0015266382 0.021585349 0.018046971 0.0071004857 0.014378421 0.015348833 0.012899097 0.014425781 0.015869495 -0.0071714344 -0.031395838 0.048827443 0.013479002 -0.13443515 -0.38725847 -0.31343752 0.06808145 -0.010295643 -0.033573326 -0.028188873
0.25874037 -0.06341884 -0.11991475 -0.0021301582 0.0005207214 0.0450405 0.05850767 0.051667616 0.081146345 0.062874526 0.026709538 0.02095817 0.037632365 0.020224495 0.022129742 0.025597109 0.017573617 0.016295543 0.03287507 0.0102128405 -0.021466985 -0.00020115706 0.07505174 0.053052217 -0.21315546 -0.33088094 -0.039821714 0.014106186 -0.034011167 -0.033289388
0.28437296 0.0781286 -0.011692046 -0.035147205 -0.062353782 -0.05547815 -0.0282835 0.007455432 0.044673633 0.061016567 0.03954954 0.016709758 0.024898924 0.019218571 0.014484926 0.018650563 0.012035272 0.012070728 0.02733678 0.013455355 -0.023088267 -0.00047336507 -0.017029217 0.04524169 -0.042934038 -0.3570106 -0.08599826 0.045644064 -0.022402003 -0.03194023
0.23198348 0.25244462 0.33372107 0.30639625 0.19361742 0.068294495 -0.0062602195 -0.057643756 -0.05663788 -0.02941951 0.0012307779 0.012189165 0.014271905 0.0049822256 0.015443614 0.01834291 0.0066744727 0.0054436675 0.019088369 0.0125559755 0.00358575 -0.0043312465 -0.018283604 0.0036922148 0.05851958 -0.24745066 -0.22448067 0.04784511 0.008745348 -0.032638475
0.054637946 0.11093266 0.2513914 0.35880935 0.41537625 0.43609774 0.3945601 0.3075915 0.19805521 0.08938281 0.05959642 0.042200267 0.019135755 0.00017754768 -0.003763217 0.0075738337 0.011479108 0.01429559 0.012946422 0.015916819 0.025762806 0.0120116295 0.0010177465 -0.022437403 0.004993976 -0.18025671 -0.28765103 -0.08473202 0.03572704 -0.02394043
-0.035727106 -0.026389966 -0.010970218 0.028946156 0.10804515 0.1759373 0.2458767 0.30167446 0.3031774 0.23226751 0.15184303 0.13852975 0.13213933 0.11164272 0.07514644 0.04408197 0.050626192 0.010236469 -0.008047118 -0.009171445 -0.0028993227 -0.006343054 0.024236219 0.022709591 -0.017289583 -0.1122936 -0.2964438 -0.16135767 0.06363184 0.0063074813
-0.058519512 -0.10267247 -0.1675351 -0.19915575 -0.17585446 -0.13012758 -0.07180922 -0.0034318813 0.06335966 0.07988003 0.06677972 0.084353305 0.113642685 0.13567771 0.13318068 0.1453699 0.14977211 0.14694384 0.0863178 0.07863745 0.040389724 -0.043277238 -0.04248433 -0.047052287 -0.063750185 -0.13354759 -0.29002967 -0.31432503 -0.102471344 -0.02027184
0.007893334 -0.026425501 -0.11875502 -0.19748716 -0.21246909 -0.21609032 -0.19939245 -0.16567713 -0.111429706 -0.058223687 -0.042129327 -0.018603208 -0.009597448 0.0025443193 0.008733526 0.040685568 0.111559846 0.17154683 0.18751104 0.24453947 0.3043727 0.31191093 0.28827825 0.23341545 0.15941696 0.03614127 -0.11266048 -0.25174642 -0.11999755 -0.06074431
0.04276837 0.04850791 -0.007881465 -0.01720677 -0.0064613987 -0.015467134 -0.02572728 -0.031218344 -0.029230151 -0.01925401 -0.018200848 -0.0005680298 0.00629573 0.00973944 -0.017703785 -0.02319479 -0.02870949 -0.009987954 -0.0036449106 0.016887223 0.07776175 0.16817413 0.2753199 0.35496327 0.42757726 0.40045354 0.31527176 0.1665647 0.12828143 0.023324916
0.07243639 0.06520579 -0.011514552 -0.029159166 0.012934642 0.02027177 0.021609003 0.014106225 0.008425871 0.006130074 0.002840229 0.0025798462 0.006082707 0.0053016385 -0.012745299 -0.029502375 -0.083229065 -0.069158375 -0.07175002 -0.07948953 -0.07372635 -0.07386834 -0.05496928 -0.017845817 0.055418998 0.10457779 0.13190266 0.09463708 0.02924201 -0.010851864
0.13449433 0.15463594 0.082507186 0.002710024 -0.02810595 -0.0086980695 0.020295436 0.022958163 0.020248147 0.019431574 0.015147649 0.017928645 0.013822183 0.010840026 0.009940618 -0.012591429 -0.035076216 -0.049537435 -0.056282893 -0.058673363 -0.056507748 -0.05707578 -0.057904135 -0.065241314 -0.06462602 -0.06092187 -0.053111367 -0.046200268 -0.03307627 -0.02315931
0.1089682 0.18630394 0.20710827 0.16148789 0.066069685 -0.018910874 -0.027987586 -0.0009230649 0.01463878 0.019064758 0.017029252 0.015845837 0.014532257 0.018567631 0.018887233 0.01564464 -0.004473269 -0.033999313 -0.04769134 -0.04940729 -0.06017632 -0.06171474 -0.057229597 -0.056673463 -0.047845148 -0.038200445 -0.026744977 -0.018070703 -0.018638702 -0.02069782
0.02573913 0.09621109 0.17714435 0.24095373 0.24683529 0.16366534 0.058318347 -0.01883985 -0.031632498 -0.013218668 0.004863811 0.012366654 0.014970143 0.010272002 0.016189065 0.016508535 0.0053016692 -0.026188767 -0.0424015 -0.042555355 -0.056519575 -0.06410521 -0.065880336 -0.062282786 -0.055217776 -0.052058134 -0.032792285 -0.025348585 -0.018686015 -0.025348622

-- Channel 6 --
-0.091939 -0.09234138 -0.09062541 -0.09372593 -0.094826505 -0.09268451 -0.09428216 -0.09072009 -0.08960771 -0.094944865 -0.099287964 -0.10192695 -0.100376666 -0.10038853 -0.10116957 -0.10311037 -0.101039425 -0.10191514 -0.10113407 -0.09314607 -0.08541842 -0.09598627 -0.105074875 -0.10140626 -0.10076723 -0.09977318 -0.09351297 -0.09357209 -0.09514602 -0.091086924
-0.09501584 -0.09660162 -0.094104625 -0.09531167 -0.09938264 -0.10000983 -0.09682648 -0.098743565 -0.10718128 -0.10339437 -0.09263719 -0.09520517 -0.10228196 -0.10840015 -0.111193016 -0.11260127 -0.11128767 -0.11266048 -0.11334688 -0.11753614 -0.103855915 -0.097015865 -0.102435835 -0.104518585 -0.09902761 -0.097169645 -0.09745368 -0.0955129 -0.09318162 -0.09015205
-0.09279105 -0.09031769 -0.09202184 -0.09044789 -0.09202181 -0.09428214 -0.09793887 -0.090885736 -0.047857065 -0.089702345 -0.14222203 -0.11785562 -0.104778975 -0.10760734 -0.11301553 -0.114920795 -0.11595033 -0.122967966 -0.12079052 -0.123677984 -0.1289678 -0.12034076 -0.10924039 -0.11037651 -0.10864875 -0.10206897 -0.09881459 -0.09400995 -0.08952486 -0.091725975
-0.09396265 -0.09346558 -0.090152025 -0.09088578 -0.090826556 -0.088140264 -0.106270105 0.017455254 0.27926064 0.027727243 -0.29450297 -0.1985877 -0.102897316 -0.11357171 -0.11831718 -0.12244722 -0.12390284 -0.112672314 -0.112163454 -0.12043545 -0.12539397 -0.1302578 -0.12561885 -0.123536006 -0.12270759 -0.12302715 -0.11874319 -0.109938614 -0.104696125 -0.1016666
-0.09493305 -0.09539452 -0.09463716 -0.10105125 -0.10383225 -0.09860158 -0.10577301 0.014248253 0.27851507 0.22538006 -0.0959389 -0.19448134 -0.12649448 -0.09405728 -0.04739553 0.0062247077 -0.043845292 -0.18094315 -0.17788996 -0.12115733 -0.12008039 -0.12299161 -0.127027 -0.12948851 -0.12914535 -0.1328376 -0.13279024 -0.13025776 -0.13276659 -0.12921633
-0.09889744 -0.099690296 -0.102187335 0.0136328405 0.053584687 -0.16062401 -0.21906073 -0.055146813 0.16541679 0.250634 0.006780963 -0.18284841 -0.15785484 0.032969717 0.28517765 0.24650392 0.120908804 -0.13255358 -0.2881717 -0.18175969 -0.112494804 -0.12097988 -0.12047098 -0.12100355 -0.12765427 -0.12997378 -0.12829329 -0.1310388 -0.13396181 -0.13802092
-0.09666078 -0.101962425 -0.10713397 0.04691028 0.2766453 0.20405506 -0.12073128 -0.2319953 0.037372027 0.20777097 0.10479076 -0.16129851 -0.20462315 0.06353714 0.27850324 0.21579447 0.2246109 0.25311917 -0.0524368 -0.22969955 -0.1440208 -0.114589445 -0.11782012 -0.11822252 -0.11718113 -0.1169681 -0.11669588 -0.1194887 -0.11902721 -0.11992657
-0.091453806 -0.097418144 -0.10037671 -0.16411506 -0.08961951 0.3035087 0.46465334 0.17146401 -0.034259643 0.046768278 0.1763752 -0.032188687 -0.14289655 0.024437433 0.112624966 0.08744205 0.111713745 0.20568816 0.10063704 -0.16353518 -0.19851674 -0.115571685 -0.114187054 -0.1171811 -0.11739414 -0.11508647 -0.10961912 -0.10853041 -0.109429784 -0.108672395
-0.094483316 -0.09732349 -0.0939035 -0.15179574 -0.2725508 -0.23468165 0.13667181 0.44112727 0.2556517 0.06470874 0.16515645 0.26249176 0.19534518 0.014449414 -0.056247365 0.036342457 0.08070844 0.11064864 0.20251665 -0.049312606 -0.21986538 -0.15333423 -0.11109838 -0.11828168 -0.117808335 -0.11883789 -0.113311335 -0.10843574 -0.108601384 -0.10858957
-0.09598624 -0.09647143 -0.099441834 -0.10438844 -0.13610378 -0.23864616 -0.3038519 -0.06635369 0.2945858 0.29414797 0.13999721 0.20332132 0.2376757 0.16487244 0.069406904 0.07315829 0.10987945 0.08392735 0.16828063 0.12828143 -0.14263621 -0.21252832 -0.12605667 -0.11813963 -0.11802136 -0.11796218 -0.11345335 -0.11195046 -0.11203329 -0.10996234
-0.08810479 -0.09477918 -0.09676732 -0.09662527 -0.099654764 -0.1131457 -0.20908454 -0.12579633 0.118778676 0.1471568 0.14236404 0.15611519 0.13906227 0.15054135 0.07319382 0.042366028 0.09393894 0.088897645 0.059347957 0.20575918 0.099832304 -0.21342768 -0.22948658 -0.124766715 -0.1196071 -0.119500585 -0.119405866 -0.1160214 -0.11339421 -0.11147709
-0.084956884 -0.08986803 -0.09329991 -0.09193898 -0.097950704 -0.10764286 -0.08376167 0.13901496 0.12638798 0.03571525 0.11197408 0.14680177 0.16445826 0.14407997 0.13667181 0.13903861 0.09374962 0.034614705 0.07773807 0.20444562 0.23780587 -0.06952522 -0.2484329 -0.16406775 -0.11616337 -0.11924023 -0.11741777 -0.1216307 -0.12225795 -0.11288536
-0.078459956 -0.08692131 -0.088767484 -0.085737936 -0.08476754 -0.09662528 -0.04909964 0.15503828 0.16715638 0.13477838 0.11475511 0.10809251 0.12771349 0.13871911 0.16252932 0.15803236 0.13160683 0.11307466 0.12924 0.105074845 0.15764181 0.064625904 -0.14430481 -0.17419772 -0.11580836 -0.11836455 -0.11902724 -0.11768996 -0.11737044 -0.11616339
-0.07696888 -0.077785425 -0.08088597 -0.080578245 -0.08347765 -0.08689765 -0.03875661 0.12213954 0.16535765 0.13740553 0.11793846 0.107772976 0.10753631 0.12015143 0.1303051 0.12553595 0.13408011 0.12506263 0.10634108 0.076329805 0.09614011 0.13559492 -0.0934419 -0.19474167 -0.13677835 -0.116305426 -0.11928758 -0.11789115 -0.1175598 -0.11335869
-0.08543024 -0.09681464 -0.09027037 -0.06732411 0.013526336 0.09676727 0.04824752 0.03672116 0.08383264 0.11209243 0.10653039 0.113287695 0.10746535 0.09444783 0.11290903 0.12028167 0.11824613 0.12038809 0.100968406 0.06622352 0.060945526 0.21554597 0.07856646 -0.21796018 -0.20981829 -0.11525218 -0.11944142 -0.11876686 -0.11837635 -0.11412792
0.02805858 0.0842113 0.023952154 0.07354878 0.15825716 0.19081275 0.18116795 0.06734776 0.030579282 0.098021686 0.11192677 0.11307467 0.115216635 0.10468433 0.10193881 0.11521662 0.12352421 0.12455374 0.11032919 0.09735899 0.095027685 0.14778404 0.24375843 0.069892086 -0.23427935 -0.23288292 -0.12881401 -0.11947689 -0.11976093 -0.11577286
0.21315545 0.3301827 0.21836247 0.17061196 0.14086108 0.14667161 0.2104692 0.18664715 0.16860022 0.14896747 0.1136664 0.11244748 0.11778465 0.12127568 0.118849754 0.11385574 0.11043569 0.111122064 0.12938204 0.13429317 0.10316953 0.05662609 0.18668263 0.32527152 -0.001905287 -0.26688227 -0.1824934 -0.118885174 -0.12261296 -0.11899171
0.20952243 0.23386511 0.22326177 0.20706093 0.17375982 0.15351173 0.12154786 0.100258335 0.105879545 0.1306483 0.120802335 0.105690196 0.11628171 0.12035263 0.121121846 0.121145554 0.114968166 0.10554819 0.116293564 0.13838777 0.09708679 0.06275616 0.0670519 0.16299084 0.21206672 -0.08791541 -0.23049243 -0.13436417 -0.11867222 -0.115465164
0.079797216 0.15803231 0.16934572 0.16023347 0.1434291 0.100660704 0.0850516 0.08509885 0.08758405 0.11070791 0.11621076 0.107488975 0.11363088 0.11538233 0.1139149 0.114518434 0.111193135 0.10617541 0.11036462 0.11332322 0.1192402 0.10720498 0.060791705 0.050306704 0.15384309 -0.01628368 -0.1764935 -0.15002072 -0.107370675 -0.11152446
-0.19552268 -0.13389082 0.02525393 0.13944097 0.18533358 0.19093108 0.16830432 0.13712153 0.11225812 0.09139465 0.10732333 0.12524007 0.11779648 0.109997846 0.1156427 0.11666041 0.10783221 0.101844124 0.106009685 0.107133985 0.11757162 0.12755957 0.088779315 0.034318857 0.12165434 0.07077965 -0.14843488 -0.17480123 -0.11553623 -0.108991936
-0.21237448 -0.28900012 -0.28385228 -0.23742716 -0.14032851 -0.019609079 0.08451901 0.1541744 0.16990195 0.15218633 0.13122818 0.13068381 0.1294412 0.120968 0.10682632 0.10231748 0.10438852 0.109773 0.095702216 0.09093313 0.11507466 0.123204626 0.12147686 0.097785026 0.074471906 0.14424565 -0.072897926 -0.20818521 -0.13817477 -0.10301577
-0.07788011 -0.117263965 -0.17592546 -0.22720258 -0.25624338 -0.25450376 -0.20504916 -0.10855402 0.011443552 0.07867303 0.06472057 0.06358455 0.09066091 0.112175256 0.11133503 0.10560738 0.109560005 0.12577267 0.107654646 0.0969093 0.1080452 0.08829407 0.11412792 0.16833985 0.12905067 0.11929938 0.007431778 -0.153062 -0.15921581 -0.10750088
0.043360084 0.07075595 0.07011692 0.01808246 -0.039502166 -0.0690637 -0.09128811 -0.09656611 -0.0733003 -0.021076486 -0.0068519223 -0.0147334095 -0.01368017 0.0038105957 0.0299757 0.018780699 0.048318576 0.0844717 0.08840057 0.121689886 0.13783158 0.13030507 0.12165435 0.13525172 0.15035203 0.15589038 0.13965397 -0.10255414 -0.2015108 -0.13452993
0.088601775 0.17532192 0.2103863 0.19126244 0.16512094 0.14136992 0.11090902 0.07261393 0.036910504 0.033667985 0.03870929 0.035821754 0.022496596 0.0064140726 -0.040318694 -0.06598684 -0.072495565 -0.07487422 -0.083524935 -0.090625405 -0.05081554 0.02519479 0.07370266 0.09272003 0.14153557 0.14134626 0.12094433 0.00970394 -0.094838336 -0.12229344
0.05707575 0.11589117 0.1336778 0.14883727 0.16785465 0.17057642 0.16602036 0.1544466 0.12970155 0.09648327 0.080010206 0.07815226 0.077536926 0.06637732 0.047916204 0.04178616 -0.023526143 -0.06288631 -0.09402177 -0.1690262 -0.24492998 -0.2728584 -0.2594859 -0.2227174 -0.16361803 -0.124802224 -0.066673204 0.03546672 0.026366293 -0.06985661
0.05261433 0.09051888 0.07696888 0.06707557 0.074673064 0.08376165 0.09319341 0.095347226 0.09509869 0.08876744 0.08570242 0.07892147 0.07293345 0.07577363 0.10088555 0.09399812 0.06101652 0.028094128 -0.0041419137 -0.029798217 -0.07290978 -0.13777238 -0.20328586 -0.27120164 -0.33701095 -0.31856164 -0.22587715 -0.13997355 -0.11135872 -0.1040926
-0.020188963 0.052993003 0.107749306 0.10267252 0.07025894 0.065111116 0.07025896 0.07154885 0.07673222 0.07361982 0.07635353 0.0808031 0.08191551 0.08597459 0.08951301 0.08739471 0.09111058 0.06215261 0.029123688 0.0068045976 -0.009597438 -0.029490536 -0.05080373 -0.07930019 -0.112198934 -0.14391433 -0.16476595 -0.14676629 -0.11508649 -0.09909861
-0.12618683 -0.09302772 0.008958394 0.10817535 0.1262578 0.09553656 0.06973826 0.06854299 0.07064948 0.0687205 0.07449552 0.076424524 0.077749915 0.07327667 0.07380921 0.07694521 0.07726472 0.06106387 0.03545492 0.017348766 -0.0076921484 -0.032188706 -0.0488511 -0.06634187 -0.075667106 -0.08199833 -0.089832544 -0.09393898 -0.09090946 -0.0931224
-0.13376065 -0.17244627 -0.17207938 -0.0869095 0.044472493 0.12800926 0.12578446 0.09515784 0.07373814 0.06714661 0.07348964 0.07741856 0.07375002 0.06861403 0.06560816 0.06715844 0.07137134 0.0610757 0.038614593 0.025916643 0.0062247324 -0.017869467 -0.041502126 -0.06043664 -0.0742707 -0.08677933 -0.095418245 -0.09735899 -0.08789173 -0.0885426
-0.08582077 -0.12226976 -0.17256458 -0.19747534 -0.16613868 -0.057182286 0.06489811 0.12629332 0.11880235 0.08890948 0.075903825 0.071193874 0.0751819 0.07573813 0.06959622 0.06618801 0.06371467 0.057868686 0.0462121 0.030236082 0.013301503 -0.0076093203 -0.03607028 -0.05418827 -0.0659395 -0.075181924 -0.08348945 -0.09109874 -0.086578175 -0.08495688

-- Channel 7 --
-0.056933768 -0.060377497 -0.061276898 -0.0610047 -0.06295733 -0.065631814 -0.06393955 -0.06940689 -0.0687087 -0.062117115 -0.0608982 -0.06475611 -0.06535967 -0.067028254 -0.07205771 -0.07192758 -0.071158335 -0.06842469 -0.06731227 -0.07327664 -0.08387999 -0.060720704 -0.05184511 -0.055513695 -0.057466343 -0.058093533 -0.057643853 -0.053229727 -0.051442757 -0.05037768
-0.053028528 -0.05325338 -0.05482731 -0.05747815 -0.057075784 -0.06440109 -0.06674424 -0.06601052 -0.06988026 -0.07559611 -0.07959605 -0.07358434 -0.066602215 -0.06539515 -0.066282704 -0.06969093 -0.067146584 -0.0698684 -0.0645431 -0.061892293 -0.07990374 -0.07835349 -0.06558452 -0.06242478 -0.064862594 -0.058129005 -0.05444864 -0.0550285 -0.05474447 -0.054637965
-0.06477976 -0.063122995 -0.05995147 -0.0661052 -0.06644839 -0.06378572 -0.065418825 -0.06595136 -0.07019979 -0.032212406 -0.020354614 -0.059785828 -0.07251926 -0.074341685 -0.07240092 -0.0701051 -0.068424664 -0.06603417 -0.06801049 -0.06205792 -0.05997511 -0.07151336 -0.073300295 -0.06868505 -0.070294484 -0.07306364 -0.07053114 -0.06869684 -0.065951355 -0.060294643
-0.06434191 -0.062874466 -0.06809333 -0.06952524 -0.07331218 -0.07622333 -0.07530027 -0.089560345 -0.08074393 0.0648981 0.15237562 0.0076211262 -0.07611685 -0.07113466 -0.07538313 -0.07225893 -0.07386835 -0.081643365 -0.07533579 -0.069430545 -0.06561999 -0.05983316 -0.064673275 -0.06836549 -0.067193925 -0.06624721 -0.06957263 -0.07227079 -0.07487425 -0.07364348
-0.067264974 -0.06674425 -0.0694779 -0.07088618 -0.074980766 -0.08037709 -0.08986804 -0.05204629 -0.0751701 -0.29546148 -0.10067253 0.02817694 -0.06483897 -0.081205465 -0.08083862 -0.055987023 0.007289786 0.046933964 -0.014887277 -0.07456655 -0.080140404 -0.071856566 -0.06546615 -0.06961991 -0.06899269 -0.065667346 -0.06293367 -0.061975107 -0.063347876 -0.06947789
-0.066448376 -0.067241274 -0.06941871 -0.09688563 -0.0475612 0.06443653 0.01184592 0.030236034 0.09060171 -0.27546188 -0.20644559 0.0352537 -0.043809786 -0.106234565 -0.086175814 0.048022695 0.09900393 0.11881417 0.13258904 -0.017467117 -0.08754856 -0.080921456 -0.08133565 -0.07785645 -0.071395054 -0.07154889 -0.06811703 -0.06682708 -0.06337153 -0.056129057
-0.06682709 -0.06704009 -0.07060215 -0.0680933 -0.15262415 -0.09987965 0.14799702 0.2729294 0.25444454 -0.12625782 -0.26017228 0.013218686 0.0056448504 -0.060590513 -0.07303996 -0.17707334 -0.23598337 -0.36424115 -0.0663537 0.057821296 -0.06489815 -0.08875562 -0.08269657 -0.086057454 -0.08670834 -0.0826966 -0.07518195 -0.075820975 -0.07752507 -0.06927671
-0.073395014 -0.07056666 -0.0727441 0.052010767 -0.09211648 -0.49290136 -0.43596753 0.051430933 0.4243702 0.08263741 -0.23717864 -0.10709842 0.054874636 0.11140601 0.120423585 -0.06591582 -0.020425605 -0.20445742 -0.23442134 0.03611762 -0.0024970304 -0.09119344 -0.08753671 -0.08777344 -0.08721721 -0.09004557 -0.09102778 -0.09320526 -0.09008108 -0.089394696
-0.077797286 -0.07902801 -0.08169067 0.031928334 0.18013836 0.07644814 -0.31284577 -0.4026783 0.031585153 0.07682687 -0.12797375 -0.25637352 0.04113528 0.32576862 0.2834144 0.032567393 0.0714542 -0.0011834148 -0.25943854 -0.077371225 0.05920586 -0.058637876 -0.08894496 -0.085915476 -0.08506343 -0.08573797 -0.084850386 -0.09131178 -0.09131178 -0.08819946
-0.071750045 -0.07373819 -0.07300447 -0.062057924 0.019727357 0.19632734 0.22173516 -0.055785872 -0.21858731 -0.11206874 0.011112217 -0.16809122 -0.15716848 -0.032614708 0.03214137 0.001278108 0.029561538 0.04612926 -0.14103857 -0.26866916 0.025620786 0.010899169 -0.08482671 -0.09109877 -0.08745392 -0.09022306 -0.08892132 -0.087761566 -0.09051891 -0.090199396
-0.07067315 -0.07210508 -0.07397486 -0.07430621 -0.08153682 -0.02907638 0.1264708 0.2271907 0.15958259 0.03502889 0.028425457 -0.0023786128 -0.007632952 0.015550004 0.060626 0.08893314 0.06956074 0.054413117 0.028425483 -0.26257458 -0.14080186 0.10040033 0.013029322 -0.08070843 -0.08423503 -0.08443619 -0.08403385 -0.08753671 -0.091299966 -0.0873829
-0.07414055 -0.075241104 -0.07938303 -0.07765525 -0.075075425 -0.07409317 -0.06383304 0.11447109 0.2559594 0.09577321 0.05544269 0.027999429 0.018567678 0.05318238 0.023384172 0.08449532 0.13501506 0.08223502 0.045525715 -0.07921733 -0.23353377 -0.04442513 0.064696945 -0.045632258 -0.08772607 -0.08612846 -0.087430224 -0.081027985 -0.08421135 -0.08622314
-0.07521743 -0.073832855 -0.076164156 -0.07495707 -0.07751322 -0.07004592 -0.06952524 0.102151796 0.06752528 0.0029112082 0.09351294 0.081667036 0.055040352 0.04158499 0.007443674 0.03212955 0.048555244 0.01920674 0.06282715 0.07115835 -0.15315665 -0.28857404 -0.032910593 -0.023431495 -0.08831778 -0.08679116 -0.08629413 -0.08685036 -0.084992394 -0.07893334
-0.078566484 -0.079560526 -0.07872031 -0.07640085 -0.07812861 -0.089726016 -0.055478193 0.15936962 0.025123745 0.018449362 0.07760793 0.07928839 0.081584185 0.068909876 0.06068521 0.06046032 0.050259344 0.022674132 0.06153723 0.057655655 -0.021360505 -0.26063377 -0.07890962 0.02506456 -0.07326482 -0.089761555 -0.08615212 -0.08789174 -0.088152096 -0.084684715
-0.06964359 -0.07481508 -0.0869095 -0.09025855 -0.1004477 -0.071596205 0.070318125 0.32436037 0.113772854 0.06466144 0.08237706 0.0768387 0.09224667 0.09370229 0.078424476 0.07140688 0.078223325 0.044354193 0.072507426 0.07055479 0.056933768 -0.16308548 -0.17043442 0.09544184 -0.0048164893 -0.09403363 -0.08670832 -0.085240915 -0.08653082 -0.08354862
-0.085607745 -0.04409381 0.042697355 0.07206957 0.095110506 0.09296856 0.084933214 0.31269193 0.16278964 0.08001024 0.08202203 0.08468472 0.08486224 0.09414016 0.10511035 0.08601012 0.086731985 0.065040134 0.06583302 0.058247346 0.06972641 -0.0020591207 -0.28742614 -0.082412526 0.13393812 0.018058749 -0.08174987 -0.08894499 -0.08738288 -0.084637366
-0.08244805 -0.069714576 0.010638846 0.07364349 0.03676848 -0.04914692 -0.16194938 -0.048780076 -0.014342897 0.04140745 0.07776178 0.0823534 0.07908718 0.07715823 0.09509871 0.098329395 0.0939271 0.07435358 0.04793988 0.03827142 0.054933816 0.06744243 -0.1823514 -0.32514137 -0.060554978 0.087311834 -0.030117795 -0.085205406 -0.08370249 -0.08112266
0.011265995 -0.09356023 -0.196067 -0.12230522 -0.096282065 -0.02741955 0.024082405 0.060685184 0.076294325 0.05695744 0.06462593 0.08293327 0.07744229 0.07635352 0.077560574 0.080755815 0.07918188 0.07860201 0.06866137 0.041537657 0.04354944 0.061134912 0.042046517 -0.15378386 -0.3503243 -0.050247487 0.034910534 -0.072980806 -0.08498056 -0.08273209
0.0949093 -0.0621526 -0.06495727 0.01820084 0.05891009 0.095548384 0.10253052 0.09224669 0.107335135 0.09300407 0.06917025 0.08889764 0.092471525 0.08706339 0.08769058 0.08937104 0.08450718 0.08209307 0.087678686 0.0718092 0.028212454 0.051359944 0.08939468 0.07044831 -0.20071784 -0.20177111 0.0059407167 -0.05543087 -0.08779706 -0.08287411
0.1896293 -0.046614453 -0.16189024 -0.16319197 -0.123275615 -0.06433005 0.010354843 0.05811717 0.09862526 0.113891184 0.079702556 0.07448372 0.09740635 0.08657817 0.08374982 0.086672835 0.0856196 0.080590144 0.08915797 0.0823534 0.041135266 0.03449638 0.04192814 0.07442457 -0.05172675 -0.26832598 -0.008804571 -0.008520585 -0.08126464 -0.08767878
0.16787829 0.16441087 0.14626923 0.0799037 -0.039158992 -0.13170148 -0.16676584 -0.15009165 -0.090412386 -0.018555852 0.035620607 0.05049604 0.07140686 0.07748959 0.0901757 0.086732015 0.07483874 0.07590383 0.09365492 0.083027944 0.058223702 0.048058227 0.021987716 0.05463797 0.08344214 -0.22480017 -0.07477956 0.047478326 -0.06430639 -0.088802986
-0.0030531902 0.06642469 0.16364165 0.23907207 0.274882 0.26562774 0.20148706 0.110766985 0.028200632 0.0023668278 0.033336625 0.03423599 0.019526247 0.016863603 0.029987585 0.054649778 0.05877988 0.06553717 0.086116605 0.09088577 0.08677934 0.07752508 0.031170992 -0.0012307093 0.06203427 -0.09464897 -0.2012741 0.0005088579 -0.030697595 -0.086826645
-0.06046033 -0.03530108 0.0119050685 0.08312258 0.1442456 0.18830389 0.22888297 0.25363988 0.23453966 0.16322748 0.12700337 0.12757139 0.111950435 0.083264604 0.052496023 0.04491034 0.02407051 0.011147715 0.0056330245 0.009573791 0.034224197 0.040709242 0.075880155 0.055750348 0.017443452 -0.04056722 -0.20138054 -0.018863527 0.046910293 -0.059572797
-0.09217568 -0.105418 -0.09615191 -0.07738305 -0.03971517 0.00086390413 0.045123365 0.09543003 0.13622211 0.12905067 0.10083821 0.11454208 0.13372514 0.14934611 0.15615071 0.12580813 0.12421053 0.0872172 0.041833483 0.009692108 -0.057702966 -0.13245884 -0.12574892 -0.10436475 -0.11863661 -0.122896895 -0.23743895 -0.27484655 -0.07676769 -0.06978561
-0.030449089 -0.034543686 -0.07269676 -0.11728757 -0.1260448 -0.11947687 -0.101571895 -0.070661284 -0.017904961 0.02416521 0.025455117 0.02894618 0.03415317 0.044780176 0.044886686 0.06995128 0.13648248 0.16084883 0.16023347 0.20756978 0.22527355 0.1804224 0.10687359 0.025407767 -0.051004898 -0.1546241 -0.28046772 -0.4198851 -0.22825576 -0.09991516
-0.011005699 0.023064617 0.024709562 0.023691842 0.025632638 0.020141615 0.016544051 0.015609162 0.020614974 0.029999396 0.035277404 0.043726917 0.048141077 0.043667763 0.019123878 0.034330674 0.028389985 0.053241517 0.03611762 0.033679795 0.077158205 0.1436539 0.20218524 0.2455335 0.27145013 0.18578324 0.08314622 -0.018449351 -0.03919448 -0.063975066
-0.013443539 -0.017455267 -0.04263819 0.002686359 0.049277138 0.05344274 0.05285102 0.050330356 0.04856708 0.047726862 0.042744733 0.040969588 0.04227134 0.044259463 0.03674485 0.015313316 -0.018768858 -0.004153749 -0.012402106 -0.035088062 -0.05062619 -0.06074434 -0.05843671 -0.042152986 0.004863782 0.05066169 0.052046247 0.0002958011 -0.05468534 -0.08117001
0.04072105 0.03689867 -0.035857268 -0.070968986 -0.030460922 0.028591162 0.05725329 0.058259174 0.05907574 0.059087567 0.056223728 0.054685302 0.05074454 0.052436806 0.04470917 0.030413596 0.012851838 0.0015029218 -0.0048282966 -0.019206699 -0.026342679 -0.041573122 -0.05643675 -0.07501625 -0.090554394 -0.094956696 -0.09245969 -0.08559589 -0.08372612 -0.08277942
0.03822408 0.09616371 0.09328802 0.010733515 -0.0680933 -0.07629432 -0.018212635 0.035762604 0.060365655 0.06386856 0.06028282 0.057442654 0.05450777 0.056034394 0.05882722 0.048555255 0.03435435 0.014520433 0.004295785 -0.012650622 -0.028401803 -0.03881578 -0.04782154 -0.06373837 -0.068389185 -0.07114651 -0.06931224 -0.07253109 -0.07748957 -0.0799274
-0.030094076 0.025999486 0.094282076 0.13350022 0.09714595 0.0012425762 -0.066649556 -0.06404604 -0.015514482 0.030437272 0.050188325 0.051217906 0.04915879 0.050306685 0.056661606 0.056898266 0.047395505 0.01939607 0.005396366 -0.0031360276 -0.024496537 -0.037017006 -0.048081875 -0.062495776 -0.071537025 -0.07592747 -0.07247195 -0.073773675 -0.07844814 -0.08507525

