Input Image (shape: (1, 3, 32, 32)):

=== Batch 0 ===
-- Channel 0 --
0.58431375 0.58431375 0.6 0.6156863 0.6313726 0.6392157 0.64705884 0.6627451 0.67058825 0.6862745 0.69411767 0.69411767 0.6862745 0.69411767 0.69411767 0.69411767 0.7019608 0.7019608 0.70980394 0.70980394 0.69411767 0.7019608 0.70980394 0.6784314 0.67058825 0.6627451 0.654902 0.6392157 0.6313726 0.62352943 0.60784316 0.5921569
0.6156863 0.6156863 0.62352943 0.6392157 0.654902 0.6627451 0.67058825 0.6862745 0.69411767 0.70980394 0.7254902 0.7254902 0.7254902 0.7254902 0.73333335 0.7254902 0.7254902 0.73333335 0.73333335 0.7254902 0.70980394 0.6862745 0.7254902 0.7254902 0.7019608 0.6862745 0.6784314 0.67058825 0.6627451 0.64705884 0.6313726 0.6156863
0.64705884 0.654902 0.6627451 0.6784314 0.6862745 0.7019608 0.70980394 0.7176471 0.73333335 0.73333335 0.7411765 0.7490196 0.75686276 0.77254903 0.77254903 0.77254903 0.77254903 0.78039217 0.78039217 0.77254903 0.7647059 0.73333335 0.73333335 0.7490196 0.73333335 0.7176471 0.7176471 0.70980394 0.69411767 0.6784314 0.6627451 0.64705884
0.6627451 0.67058825 0.6862745 0.7019608 0.70980394 0.7254902 0.7411765 0.75686276 0.7647059 0.77254903 0.8039216 0.8039216 0.7882353 0.79607844 0.8039216 0.8117647 0.81960785 0.827451 0.827451 0.827451 0.8352941 0.81960785 0.79607844 0.7882353 0.7882353 0.77254903 0.75686276 0.7411765 0.7254902 0.70980394 0.69411767 0.67058825
0.6862745 0.69411767 0.70980394 0.7176471 0.73333335 0.7411765 0.75686276 0.7647059 0.78039217 0.75686276 0.6392157 0.7490196 0.81960785 0.81960785 0.8352941 0.84313726 0.85882354 0.85882354 0.8666667 0.88235295 0.88235295 0.88235295 0.88235295 0.8666667 0.85882354 0.8509804 0.8352941 0.8117647 0.7882353 0.7647059 0.73333335 0.70980394
0.70980394 0.70980394 0.7254902 0.73333335 0.7490196 0.7647059 0.77254903 0.77254903 0.81960785 0.43529415 -0.38039213 0.21568632 0.8509804 0.84313726 0.8509804 0.8745098 0.8901961 0.9137255 0.9137255 0.8901961 0.8980392 0.90588236 0.92156863 0.92941177 0.92156863 0.92156863 0.9137255 0.90588236 0.88235295 0.8509804 0.81960785 0.7882353
0.73333335 0.73333335 0.7411765 0.75686276 0.77254903 0.8039216 0.81960785 0.8117647 0.84313726 0.33333337 -0.73333335 -0.27843136 0.7490196 0.8666667 0.8666667 0.84313726 0.69411767 0.52156866 0.5686275 0.85882354 0.9137255 0.92156863 0.9372549 0.94509804 0.9529412 0.9607843 0.9607843 0.9607843 0.9529412 0.9372549 0.92941177 0.90588236
0.7411765 0.7490196 0.7647059 0.78039217 0.8039216 0.4666667 0.34901965 0.78039217 0.90588236 0.4039216 -0.7019608 -0.6313726 0.49803925 0.88235295 0.8980392 0.45882356 -0.35686272 -0.5058824 -0.4352941 0.4431373 0.92941177 0.92156863 0.9372549 0.9529412 0.9529412 0.9607843 0.96862745 0.9764706 0.9764706 0.9764706 0.9764706 0.9764706
0.7411765 0.7490196 0.77254903 0.79607844 0.827451 0.23921573 -0.4352941 -0.1607843 0.4901961 0.43529415 -0.654902 -0.79607844 0.058823586 0.8901961 0.92941177 0.19215691 -0.70980394 -0.6392157 -0.6313726 -0.24705881 0.7490196 0.94509804 0.9372549 0.9529412 0.9529412 0.9607843 0.9607843 0.9607843 0.9607843 0.96862745 0.96862745 0.96862745
0.7411765 0.7411765 0.7647059 0.79607844 0.81960785 0.7254902 0.27843142 -0.36470586 -0.45098037 -0.23137254 -0.6784314 -0.81960785 -0.40392154 0.58431375 0.73333335 -0.027450979 -0.67058825 -0.5921569 -0.6 -0.6 0.23921573 0.94509804 0.94509804 0.9529412 0.9529412 0.9607843 0.9607843 0.9607843 0.9607843 0.9607843 0.9607843 0.9607843
0.7490196 0.7490196 0.78039217 0.8039216 0.8117647 0.8352941 0.8509804 0.5294118 -0.19215685 -0.7019608 -0.8039216 -0.7490196 -0.69411767 -0.36470586 -0.27058822 -0.45098037 -0.6392157 -0.62352943 -0.62352943 -0.67058825 -0.36470586 0.7176471 0.96862745 0.9529412 0.9529412 0.9607843 0.9607843 0.9607843 0.9607843 0.9529412 0.9529412 0.9529412
0.75686276 0.7647059 0.7882353 0.8039216 0.81960785 0.827451 0.8352941 0.84313726 0.6627451 -0.019607842 -0.8117647 -0.8745098 -0.78039217 -0.7254902 -0.62352943 -0.60784316 -0.56078434 -0.5921569 -0.6627451 -0.6313726 -0.6313726 0.13725495 0.92941177 0.9607843 0.96862745 0.96862745 0.96862745 0.96862745 0.96862745 0.9607843 0.9607843 0.9607843
0.75686276 0.7647059 0.7882353 0.8039216 0.81960785 0.8352941 0.84313726 0.84313726 0.8901961 0.16078436 -0.8509804 -0.90588236 -0.90588236 -0.8509804 -0.77254903 -0.78039217 -0.6 -0.58431375 -0.7254902 -0.6862745 -0.5529412 -0.45098037 0.3176471 0.9372549 0.96862745 0.96862745 0.96862745 0.96862745 0.9764706 0.96862745 0.96862745 0.96862745
0.75686276 0.7647059 0.7882353 0.79607844 0.81960785 0.827451 0.84313726 0.8666667 0.77254903 -0.32549018 -0.9137255 -0.8666667 -0.8980392 -0.9137255 -0.92156863 -0.8980392 -0.827451 -0.827451 -0.8352941 -0.654902 -0.6392157 -0.7647059 -0.45098037 0.6784314 0.9843137 0.9607843 0.96862745 0.96862745 0.96862745 0.9764706 0.9764706 0.96862745
0.75686276 0.75686276 0.77254903 0.7882353 0.79607844 0.79607844 0.79607844 0.827451 0.6313726 -0.5137255 -0.92156863 -0.9137255 -0.9137255 -0.9137255 -0.92941177 -0.92941177 -0.92941177 -0.92156863 -0.8901961 -0.77254903 -0.7882353 -0.78039217 -0.64705884 0.3176471 0.9764706 0.9607843 0.9607843 0.96862745 0.96862745 0.96862745 0.96862745 0.96862745
0.75686276 0.75686276 0.7647059 0.7647059 0.77254903 0.7647059 0.78039217 0.8039216 0.5686275 -0.5529412 -0.92156863 -0.9137255 -0.9137255 -0.8901961 -0.8980392 -0.92941177 -0.9372549 -0.92156863 -0.92941177 -0.827451 -0.7882353 -0.7019608 -0.6392157 -0.09803921 0.8509804 0.96862745 0.9607843 0.96862745 0.96862745 0.96862745 0.96862745 0.96862745
0.7490196 0.7490196 0.78039217 0.8039216 0.8039216 0.7411765 0.49803925 0.22352946 0.09019613 -0.654902 -0.92941177 -0.90588236 -0.8980392 -0.8980392 -0.88235295 -0.8745098 -0.9137255 -0.9137255 -0.92941177 -0.88235295 -0.8039216 -0.6784314 -0.5921569 -0.6156863 0.2941177 0.9764706 0.9607843 0.96862745 0.96862745 0.96862745 0.96862745 0.96862745
0.7254902 0.7254902 0.427451 0.23921573 0.23921573 -0.05098039 -0.3960784 -0.6862745 -0.7490196 -0.8901961 -0.9372549 -0.92156863 -0.9137255 -0.9137255 -0.90588236 -0.8901961 -0.8980392 -0.92941177 -0.94509804 -0.9372549 -0.85882354 -0.7490196 -0.6862745 -0.7490196 -0.4823529 0.3411765 0.9137255 0.96862745 0.9764706 0.9764706 0.9764706 0.9764706
0.7176471 0.6156863 -0.24705881 -0.69411767 -0.6313726 -0.7254902 -0.73333335 -0.7647059 -0.827451 -0.8509804 -0.94509804 -0.9372549 -0.92156863 -0.92941177 -0.92941177 -0.9372549 -0.9372549 -0.9529412 -0.94509804 -0.92941177 -0.92156863 -0.8509804 -0.7254902 -0.62352943 -0.69411767 -0.5372549 0.54509807 0.9843137 0.96862745 0.9764706 0.9764706 0.9843137
0.7490196 0.45882356 -0.5294118 -0.8039216 -0.7647059 -0.7254902 -0.73333335 -0.75686276 -0.7882353 -0.8039216 -0.8745098 -0.94509804 -0.9137255 -0.9137255 -0.9372549 -0.94509804 -0.94509804 -0.9529412 -0.9372549 -0.90588236 -0.92156863 -0.92156863 -0.7254902 -0.6313726 -0.58431375 -0.6392157 -0.11372548 0.8901961 0.9764706 0.96862745 0.9764706 0.9764706
0.78039217 0.5529412 -0.372549 -0.69411767 -0.7647059 -0.81960785 -0.84313726 -0.81960785 -0.81960785 -0.8117647 -0.8509804 -0.92156863 -0.92941177 -0.9137255 -0.9607843 -0.9529412 -0.9529412 -0.9529412 -0.9372549 -0.8980392 -0.92156863 -0.9137255 -0.81960785 -0.7176471 -0.6156863 -0.5921569 -0.4588235 0.6627451 0.99215686 0.9607843 0.9607843 0.96862745
0.7647059 0.7490196 0.41176474 0.17647064 -0.06666666 -0.38823527 -0.62352943 -0.79607844 -0.8666667 -0.8980392 -0.90588236 -0.8901961 -0.9372549 -0.9529412 -0.96862745 -0.9607843 -0.9607843 -0.96862745 -0.9372549 -0.8901961 -0.9137255 -0.90588236 -0.85882354 -0.8117647 -0.64705884 -0.5294118 -0.60784316 0.27843142 0.9607843 0.9529412 0.9607843 0.9607843
0.7411765 0.7411765 0.7647059 0.77254903 0.70980394 0.56078434 0.32549024 0.043137312 -0.24705881 -0.5137255 -0.69411767 -0.77254903 -0.85882354 -0.9372549 -0.96862745 -0.96862745 -0.9529412 -0.94509804 -0.92156863 -0.8980392 -0.8901961 -0.8745098 -0.88235295 -0.84313726 -0.78039217 -0.654902 -0.6313726 -0.24705881 0.75686276 0.96862745 0.9607843 0.9607843
0.69411767 0.654902 0.654902 0.6627451 0.654902 0.6313726 0.56078434 0.45098042 0.27058828 0.003921628 -0.31764704 -0.5058824 -0.58431375 -0.6627451 -0.7411765 -0.8117647 -0.8352941 -0.85882354 -0.8901961 -0.92941177 -0.9137255 -0.8980392 -0.90588236 -0.8039216 -0.81960785 -0.84313726 -0.73333335 -0.49019605 0.38823533 0.96862745 0.96862745 0.9607843
0.58431375 0.43529415 0.2941177 0.15294123 0.058823586 0.082352996 0.105882406 0.09803927 0.043137312 -0.0745098 -0.27058822 -0.42745095 -0.45098037 -0.4588235 -0.47450978 -0.5137255 -0.5529412 -0.5058824 -0.60784316 -0.67058825 -0.70980394 -0.8117647 -0.88235295 -0.8666667 -0.8666667 -0.90588236 -0.8509804 -0.70980394 -0.1607843 0.79607844 0.96862745 0.94509804
0.52156866 0.3176471 0.05098045 -0.26274508 -0.45098037 -0.46666664 -0.45098037 -0.44313723 -0.4352941 -0.4352941 -0.47450978 -0.5372549 -0.54509807 -0.5294118 -0.52156866 -0.5137255 -0.38823527 -0.27843136 -0.2235294 -0.19999999 -0.09803921 -0.05098039 -0.09019607 -0.18431371 -0.29411763 -0.41176468 -0.5764706 -0.5137255 -0.12156862 0.6627451 0.96862745 0.9372549
0.4666667 0.254902 -0.027450979 -0.34117645 -0.4823529 -0.5137255 -0.5372549 -0.54509807 -0.56078434 -0.5764706 -0.58431375 -0.5921569 -0.5764706 -0.56078434 -0.5529412 -0.5294118 -0.44313723 -0.3960784 -0.24705881 -0.17647058 -0.035294116 0.17647064 0.37254906 0.5058824 0.58431375 0.58431375 0.48235297 0.52156866 0.7019608 0.8745098 0.94509804 0.9372549
0.4901961 0.254902 -0.058823526 -0.36470586 -0.46666664 -0.49019605 -0.52156866 -0.54509807 -0.5686275 -0.5921569 -0.6 -0.6156863 -0.60784316 -0.6 -0.5764706 -0.5764706 -0.5921569 -0.54509807 -0.41176468 -0.27843136 -0.12156862 0.06666672 0.254902 0.43529415 0.5921569 0.75686276 0.90588236 0.96862745 0.9529412 0.92941177 0.92941177 0.92941177
0.6156863 0.4431373 0.1686275 -0.18431371 -0.42745095 -0.4980392 -0.52156866 -0.5294118 -0.5529412 -0.5686275 -0.58431375 -0.6 -0.60784316 -0.60784316 -0.60784316 -0.62352943 -0.62352943 -0.58431375 -0.4980392 -0.34117645 -0.17647058 0.011764765 0.19215691 0.36470592 0.52156866 0.67058825 0.7882353 0.8745098 0.9137255 0.9137255 0.92156863 0.92156863
0.70980394 0.64705884 0.52156866 0.26274514 -0.09803921 -0.38039213 -0.5294118 -0.5529412 -0.5529412 -0.5529412 -0.5686275 -0.5921569 -0.60784316 -0.6156863 -0.6156863 -0.60784316 -0.6 -0.5764706 -0.52156866 -0.38823527 -0.23137254 -0.058823526 0.12156868 0.30196083 0.4666667 0.6313726 0.75686276 0.8509804 0.8901961 0.90588236 0.9137255 0.90588236
0.7176471 0.7019608 0.69411767 0.6156863 0.427451 0.12941182 -0.21568626 -0.45098037 -0.5529412 -0.5764706 -0.5764706 -0.6 -0.6156863 -0.6156863 -0.60784316 -0.5921569 -0.5764706 -0.5686275 -0.5372549 -0.4352941 -0.27843136 -0.12941176 0.043137312 0.22352946 0.4039216 0.5686275 0.7019608 0.8039216 0.8666667 0.8901961 0.8901961 0.8901961
0.7019608 0.69411767 0.7019608 0.69411767 0.6627451 0.5529412 0.33333337 0.027451038 -0.26274508 -0.4588235 -0.54509807 -0.58431375 -0.5921569 -0.5921569 -0.6 -0.5921569 -0.5764706 -0.5686275 -0.5372549 -0.4588235 -0.32549018 -0.18431371 -0.019607842 0.15294123 0.34901965 0.5137255 0.64705884 0.75686276 0.827451 0.8745098 0.8745098 0.88235295

-- Channel 1 --
0.6 0.6 0.6156863 0.6313726 0.64705884 0.654902 0.6627451 0.6784314 0.6862745 0.7019608 0.70980394 0.70980394 0.7019608 0.70980394 0.70980394 0.70980394 0.7176471 0.7176471 0.7254902 0.7176471 0.7019608 0.70980394 0.7176471 0.6862745 0.6784314 0.67058825 0.6627451 0.64705884 0.6392157 0.6313726 0.6156863 0.6
0.6313726 0.6313726 0.6392157 0.654902 0.67058825 0.6784314 0.6862745 0.7019608 0.70980394 0.7254902 0.7411765 0.7411765 0.7411765 0.7411765 0.7490196 0.7411765 0.7411765 0.7490196 0.7490196 0.7411765 0.7176471 0.69411767 0.73333335 0.73333335 0.70980394 0.69411767 0.6862745 0.6784314 0.67058825 0.654902 0.6392157 0.62352943
0.6627451 0.67058825 0.6784314 0.69411767 0.7019608 0.7176471 0.7254902 0.73333335 0.7490196 0.7490196 0.75686276 0.7647059 0.77254903 0.7882353 0.7882353 0.7882353 0.7882353 0.79607844 0.7882353 0.7882353 0.77254903 0.7411765 0.7411765 0.75686276 0.7411765 0.7254902 0.7254902 0.7176471 0.69411767 0.6784314 0.67058825 0.654902
0.6784314 0.6862745 0.7019608 0.7176471 0.7254902 0.7411765 0.75686276 0.77254903 0.78039217 0.7882353 0.81960785 0.81960785 0.8039216 0.8117647 0.81960785 0.827451 0.8352941 0.84313726 0.84313726 0.84313726 0.84313726 0.827451 0.8039216 0.79607844 0.7882353 0.77254903 0.75686276 0.7411765 0.7254902 0.70980394 0.69411767 0.6784314
0.7019608 0.70980394 0.7254902 0.73333335 0.7490196 0.75686276 0.77254903 0.78039217 0.79607844 0.77254903 0.654902 0.75686276 0.8352941 0.8352941 0.8509804 0.85882354 0.8745098 0.8745098 0.88235295 0.8901961 0.8901961 0.8901961 0.8901961 0.8745098 0.85882354 0.8509804 0.8352941 0.8117647 0.79607844 0.7647059 0.73333335 0.7176471
0.7254902 0.7254902 0.7411765 0.7490196 0.7647059 0.78039217 0.7882353 0.7882353 0.84313726 0.45098042 -0.372549 0.2313726 0.8666667 0.85882354 0.8666667 0.8901961 0.90588236 0.92156863 0.92941177 0.92156863 0.92156863 0.92156863 0.92941177 0.92941177 0.92941177 0.92941177 0.92156863 0.9137255 0.8901961 0.8666667 0.8352941 0.8039216
0.7490196 0.7490196 0.75686276 0.77254903 0.7882353 0.81960785 0.8352941 0.827451 0.8666667 0.34901965 -0.73333335 -0.27843136 0.75686276 0.88235295 0.88235295 0.85882354 0.70980394 0.5294118 0.58431375 0.8980392 0.9372549 0.92941177 0.94509804 0.9529412 0.9607843 0.96862745 0.96862745 0.9764706 0.96862745 0.9529412 0.94509804 0.92156863
0.75686276 0.7647059 0.78039217 0.79607844 0.81960785 0.48235297 0.36470592 0.79607844 0.92156863 0.41960788 -0.7019608 -0.6313726 0.5058824 0.90588236 0.92156863 0.47450984 -0.34117645 -0.4980392 -0.42745095 0.47450984 0.9607843 0.92941177 0.94509804 0.9607843 0.9607843 0.96862745 0.9843137 0.99215686 0.99215686 0.99215686 0.99215686 0.99215686
0.75686276 0.7647059 0.7882353 0.8117647 0.84313726 0.26274514 -0.41960782 -0.15294117 0.5058824 0.4431373 -0.64705884 -0.8039216 0.058823586 0.90588236 0.94509804 0.20784318 -0.7019608 -0.6313726 -0.62352943 -0.21568626 0.77254903 0.9529412 0.9372549 0.9607843 0.9607843 0.96862745 0.96862745 0.9764706 0.9764706 0.9843137 0.9843137 0.9843137
0.7647059 0.75686276 0.7882353 0.8117647 0.8352941 0.7411765 0.2941177 -0.36470586 -0.44313723 -0.21568626 -0.6784314 -0.81960785 -0.3960784 0.6 0.7490196 -0.019607842 -0.6627451 -0.58431375 -0.5921569 -0.5764706 0.26274514 0.9529412 0.94509804 0.9607843 0.9607843 0.96862745 0.96862745 0.9764706 0.9764706 0.9764706 0.9764706 0.9764706
0.7647059 0.7647059 0.7882353 0.81960785 0.827451 0.8509804 0.8666667 0.5372549 -0.18431371 -0.69411767 -0.79607844 -0.7411765 -0.6784314 -0.35686272 -0.25490195 -0.44313723 -0.6313726 -0.6156863 -0.60784316 -0.6392157 -0.34117645 0.7254902 0.96862745 0.9607843 0.9607843 0.96862745 0.96862745 0.9764706 0.9764706 0.96862745 0.96862745 0.96862745
0.75686276 0.7647059 0.7882353 0.8117647 0.8352941 0.84313726 0.8509804 0.85882354 0.6784314 -0.0039215684 -0.79607844 -0.85882354 -0.7647059 -0.70980394 -0.60784316 -0.5921569 -0.5372549 -0.5686275 -0.6392157 -0.58431375 -0.58431375 0.16078436 0.9372549 0.96862745 0.9764706 0.9764706 0.9764706 0.9764706 0.9764706 0.96862745 0.96862745 0.96862745
0.75686276 0.7647059 0.7882353 0.8117647 0.8352941 0.84313726 0.85882354 0.85882354 0.90588236 0.17647064 -0.8352941 -0.8980392 -0.8980392 -0.84313726 -0.7647059 -0.77254903 -0.5921569 -0.5764706 -0.70980394 -0.6392157 -0.5058824 -0.42745095 0.3176471 0.94509804 0.9764706 0.9764706 0.9764706 0.9764706 0.9843137 0.9764706 0.9764706 0.96862745
0.75686276 0.7647059 0.7882353 0.8117647 0.8352941 0.84313726 0.85882354 0.88235295 0.7882353 -0.3098039 -0.90588236 -0.8666667 -0.90588236 -0.92156863 -0.92941177 -0.8980392 -0.827451 -0.8352941 -0.8352941 -0.62352943 -0.6 -0.7411765 -0.42745095 0.6784314 0.9843137 0.96862745 0.9764706 0.9764706 0.9764706 0.9843137 0.9843137 0.96862745
0.75686276 0.75686276 0.77254903 0.79607844 0.8117647 0.8117647 0.8117647 0.84313726 0.64705884 -0.4980392 -0.92156863 -0.92156863 -0.92156863 -0.92156863 -0.9372549 -0.9372549 -0.94509804 -0.9372549 -0.8980392 -0.75686276 -0.7647059 -0.7490196 -0.6156863 0.32549024 0.9764706 0.9607843 0.96862745 0.9764706 0.9764706 0.9764706 0.9764706 0.96862745
0.75686276 0.75686276 0.7647059 0.77254903 0.7882353 0.78039217 0.79607844 0.81960785 0.5764706 -0.54509807 -0.9137255 -0.92941177 -0.92941177 -0.90588236 -0.92156863 -0.94509804 -0.9529412 -0.9372549 -0.94509804 -0.8352941 -0.77254903 -0.67058825 -0.5921569 -0.09803921 0.84313726 0.96862745 0.96862745 0.9764706 0.9764706 0.9764706 0.9764706 0.96862745
0.75686276 0.75686276 0.78039217 0.8117647 0.8117647 0.75686276 0.5137255 0.2313726 0.09803927 -0.64705884 -0.92156863 -0.92941177 -0.92156863 -0.92156863 -0.9137255 -0.90588236 -0.94509804 -0.94509804 -0.9529412 -0.8901961 -0.7882353 -0.6392157 -0.54509807 -0.5921569 0.30196083 0.99215686 0.96862745 0.9764706 0.9764706 0.9764706 0.9764706 0.96862745
0.7411765 0.7411765 0.43529415 0.24705887 0.24705887 -0.043137252 -0.38823527 -0.6784314 -0.7411765 -0.88235295 -0.9372549 -0.9372549 -0.92941177 -0.92941177 -0.92941177 -0.90588236 -0.92156863 -0.9529412 -0.96862745 -0.94509804 -0.8509804 -0.7254902 -0.64705884 -0.6862745 -0.42745095 0.37254906 0.92941177 0.9764706 0.9843137 0.9843137 0.9843137 0.9764706
0.73333335 0.6313726 -0.23921567 -0.69411767 -0.62352943 -0.7254902 -0.73333335 -0.7647059 -0.81960785 -0.84313726 -0.9372549 -0.9529412 -0.9372549 -0.94509804 -0.94509804 -0.9529412 -0.9529412 -0.96862745 -0.9607843 -0.9372549 -0.92156863 -0.8352941 -0.69411767 -0.56078434 -0.6313726 -0.4980392 0.5686275 0.99215686 0.9764706 0.9843137 0.9843137 0.9843137
0.7647059 0.47450984 -0.52156866 -0.8039216 -0.7647059 -0.7254902 -0.73333335 -0.7490196 -0.78039217 -0.79607844 -0.8666667 -0.9529412 -0.92941177 -0.92941177 -0.9529412 -0.9607843 -0.9607843 -0.96862745 -0.9529412 -0.92156863 -0.92941177 -0.92156863 -0.7019608 -0.5764706 -0.5294118 -0.6 -0.0745098 0.8980392 0.9764706 0.96862745 0.9764706 0.9764706
0.7882353 0.5686275 -0.36470586 -0.69411767 -0.75686276 -0.8117647 -0.84313726 -0.8117647 -0.8117647 -0.8039216 -0.84313726 -0.9372549 -0.9529412 -0.92941177 -0.9764706 -0.96862745 -0.96862745 -0.96862745 -0.9529412 -0.92941177 -0.94509804 -0.92156863 -0.8117647 -0.69411767 -0.5764706 -0.5372549 -0.40392154 0.67058825 0.99215686 0.9607843 0.9607843 0.96862745
0.78039217 0.7647059 0.41960788 0.19215691 -0.05098039 -0.372549 -0.6156863 -0.7882353 -0.8666667 -0.8980392 -0.8980392 -0.8980392 -0.9529412 -0.96862745 -0.9843137 -0.9764706 -0.9764706 -0.9843137 -0.9529412 -0.92156863 -0.94509804 -0.92156863 -0.85882354 -0.8039216 -0.6156863 -0.46666664 -0.54509807 0.2941177 0.9607843 0.9529412 0.9607843 0.9607843
0.7490196 0.75686276 0.77254903 0.7882353 0.7254902 0.5764706 0.34901965 0.058823586 -0.23137254 -0.4980392 -0.6784314 -0.77254903 -0.8745098 -0.9529412 -0.9764706 -0.9843137 -0.96862745 -0.9607843 -0.9372549 -0.92941177 -0.92156863 -0.8901961 -0.88235295 -0.84313726 -0.75686276 -0.6156863 -0.5764706 -0.21568626 0.7647059 0.96862745 0.9529412 0.9529412
0.7019608 0.6627451 0.6627451 0.6784314 0.6784314 0.64705884 0.5764706 0.4666667 0.2941177 0.019607902 -0.30196077 -0.5058824 -0.58431375 -0.6627451 -0.7490196 -0.8117647 -0.84313726 -0.8666667 -0.8901961 -0.9372549 -0.92156863 -0.8980392 -0.90588236 -0.8039216 -0.81960785 -0.8352941 -0.7176471 -0.44313723 0.41960788 0.96862745 0.9372549 0.9529412
0.5921569 0.4431373 0.30196083 0.16078436 0.06666672 0.09019613 0.11372554 0.105882406 0.05098045 -0.06666666 -0.26274508 -0.42745095 -0.45098037 -0.4588235 -0.47450978 -0.5137255 -0.5529412 -0.5058824 -0.6 -0.67058825 -0.70980394 -0.8117647 -0.88235295 -0.85882354 -0.85882354 -0.8980392 -0.84313726 -0.67058825 -0.12941176 0.7882353 0.94509804 0.9372549
0.5294118 0.32549024 0.058823586 -0.26274508 -0.45098037 -0.46666664 -0.45098037 -0.44313723 -0.4352941 -0.4352941 -0.47450978 -0.5372549 -0.54509807 -0.5294118 -0.52156866 -0.5137255 -0.38823527 -0.27843136 -0.2235294 -0.19999999 -0.09803921 -0.05098039 -0.09019607 -0.18431371 -0.2862745 -0.40392154 -0.5686275 -0.4980392 -0.12156862 0.654902 0.9529412 0.92941177
0.47450984 0.26274514 -0.019607842 -0.3490196 -0.49019605 -0.52156866 -0.54509807 -0.5529412 -0.5686275 -0.5764706 -0.5921569 -0.5921569 -0.5764706 -0.56078434 -0.5529412 -0.5294118 -0.44313723 -0.3960784 -0.24705881 -0.17647058 -0.035294116 0.17647064 0.37254906 0.5137255 0.5921569 0.5921569 0.4901961 0.52156866 0.69411767 0.85882354 0.92941177 0.9372549
0.49803925 0.27058828 -0.05098039 -0.38039213 -0.49019605 -0.5137255 -0.5372549 -0.56078434 -0.5921569 -0.60784316 -0.6156863 -0.6156863 -0.60784316 -0.5921569 -0.5764706 -0.5764706 -0.5921569 -0.54509807 -0.41176468 -0.27843136 -0.12156862 0.06666672 0.254902 0.43529415 0.6 0.7647059 0.90588236 0.94509804 0.92941177 0.9137255 0.9137255 0.92156863
0.62352943 0.45098042 0.1686275 -0.19999999 -0.44313723 -0.5137255 -0.5294118 -0.5529412 -0.58431375 -0.6 -0.6156863 -0.6156863 -0.60784316 -0.6156863 -0.60784316 -0.62352943 -0.6313726 -0.5921569 -0.4980392 -0.3490196 -0.17647058 0.011764765 0.19215691 0.37254906 0.5294118 0.6784314 0.7882353 0.85882354 0.8901961 0.90588236 0.9137255 0.9137255
0.7019608 0.6392157 0.52156866 0.27058828 -0.082352936 -0.372549 -0.5137255 -0.54509807 -0.56078434 -0.5921569 -0.60784316 -0.6156863 -0.62352943 -0.62352943 -0.62352943 -0.6156863 -0.6156863 -0.5921569 -0.5372549 -0.3960784 -0.23137254 -0.058823526 0.12156868 0.30196083 0.4666667 0.6313726 0.75686276 0.84313726 0.88235295 0.8980392 0.8980392 0.90588236
0.70980394 0.69411767 0.69411767 0.62352943 0.4431373 0.14509809 -0.19999999 -0.44313723 -0.56078434 -0.6 -0.6156863 -0.6156863 -0.62352943 -0.6313726 -0.62352943 -0.60784316 -0.5921569 -0.58431375 -0.5529412 -0.4352941 -0.27843136 -0.12941176 0.043137312 0.22352946 0.4039216 0.5686275 0.7019608 0.8039216 0.85882354 0.88235295 0.88235295 0.88235295
0.69411767 0.6862745 0.69411767 0.7019608 0.67058825 0.56078434 0.3411765 0.043137312 -0.25490195 -0.46666664 -0.5686275 -0.6 -0.60784316 -0.60784316 -0.6156863 -0.60784316 -0.5921569 -0.58431375 -0.5529412 -0.46666664 -0.32549018 -0.18431371 -0.019607842 0.15294123 0.34901965 0.5137255 0.64705884 0.7490196 0.81960785 0.8666667 0.8666667 0.8666667

-- Channel 2 --
0.56078434 0.56078434 0.5764706 0.5921569 0.60784316 0.6156863 0.62352943 0.64705884 0.6627451 0.6784314 0.6862745 0.6862745 0.6784314 0.6862745 0.6862745 0.6784314 0.6784314 0.6784314 0.6862745 0.6784314 0.6627451 0.67058825 0.6784314 0.6392157 0.62352943 0.6156863 0.60784316 0.5921569 0.58431375 0.5686275 0.56078434 0.5529412
0.5921569 0.5921569 0.6 0.62352943 0.6392157 0.64705884 0.654902 0.6784314 0.6862745 0.7019608 0.7176471 0.7176471 0.7176471 0.7254902 0.7176471 0.70980394 0.7019608 0.70980394 0.70980394 0.7019608 0.6784314 0.654902 0.69411767 0.6862745 0.6627451 0.64705884 0.6392157 0.6313726 0.62352943 0.60784316 0.5921569 0.5764706
0.62352943 0.6313726 0.64705884 0.67058825 0.6862745 0.69411767 0.7019608 0.7176471 0.7254902 0.7254902 0.73333335 0.7411765 0.7490196 0.7647059 0.7647059 0.75686276 0.7490196 0.75686276 0.7490196 0.7490196 0.73333335 0.7019608 0.7019608 0.7176471 0.70980394 0.69411767 0.69411767 0.6784314 0.6627451 0.64705884 0.6313726 0.6156863
0.6392157 0.64705884 0.67058825 0.7019608 0.7176471 0.73333335 0.7490196 0.7490196 0.75686276 0.7647059 0.79607844 0.79607844 0.78039217 0.7882353 0.79607844 0.79607844 0.79607844 0.8039216 0.8039216 0.79607844 0.8039216 0.7882353 0.7647059 0.77254903 0.77254903 0.75686276 0.7411765 0.7254902 0.70980394 0.69411767 0.67058825 0.6392157
0.6627451 0.67058825 0.6862745 0.7176471 0.7411765 0.7490196 0.7647059 0.75686276 0.7647059 0.7490196 0.6392157 0.7411765 0.8117647 0.8117647 0.827451 0.81960785 0.8352941 0.84313726 0.84313726 0.85882354 0.8509804 0.8509804 0.8509804 0.8509804 0.84313726 0.8352941 0.81960785 0.79607844 0.78039217 0.7490196 0.7176471 0.6862745
0.7019608 0.69411767 0.70980394 0.73333335 0.7411765 0.75686276 0.7647059 0.7490196 0.7882353 0.43529415 -0.34117645 0.254902 0.84313726 0.81960785 0.8509804 0.85882354 0.88235295 0.9137255 0.92156863 0.90588236 0.8980392 0.88235295 0.8901961 0.8980392 0.8901961 0.8980392 0.8901961 0.8901961 0.8745098 0.84313726 0.8117647 0.7882353
0.7254902 0.7254902 0.73333335 0.7490196 0.75686276 0.79607844 0.8117647 0.79607844 0.81960785 0.3411765 -0.67058825 -0.20784312 0.75686276 0.8352941 0.8509804 0.8352941 0.69411767 0.5372549 0.60784316 0.8980392 0.92156863 0.8980392 0.8980392 0.9137255 0.92156863 0.92941177 0.92941177 0.94509804 0.94509804 0.92941177 0.92156863 0.90588236
0.73333335 0.7411765 0.75686276 0.77254903 0.79607844 0.45882356 0.3411765 0.7882353 0.8901961 0.41176474 -0.6392157 -0.5294118 0.54509807 0.85882354 0.8666667 0.45098042 -0.3490196 -0.47450978 -0.3960784 0.48235297 0.9529412 0.9137255 0.9137255 0.92156863 0.92156863 0.92941177 0.94509804 0.96862745 0.96862745 0.96862745 0.9764706 0.9843137
0.73333335 0.7411765 0.7647059 0.7882353 0.81960785 0.2313726 -0.4352941 -0.1372549 0.49803925 0.4431373 -0.5921569 -0.69411767 0.105882406 0.8745098 0.90588236 0.19215691 -0.69411767 -0.6 -0.58431375 -0.19215685 0.7882353 0.94509804 0.92156863 0.92156863 0.92156863 0.92941177 0.92941177 0.9529412 0.9607843 0.9607843 0.9607843 0.9764706
0.73333335 0.73333335 0.75686276 0.7882353 0.8117647 0.7176471 0.27843142 -0.32549018 -0.41960782 -0.21568626 -0.62352943 -0.7254902 -0.3490196 0.5921569 0.7490196 -0.011764705 -0.6392157 -0.54509807 -0.5372549 -0.5372549 0.28627455 0.9607843 0.94509804 0.92941177 0.92156863 0.92941177 0.92941177 0.94509804 0.9529412 0.9529412 0.9529412 0.96862745
0.7490196 0.7490196 0.77254903 0.79607844 0.8117647 0.827451 0.8509804 0.5686275 -0.1607843 -0.6862745 -0.7647059 -0.6784314 -0.64705884 -0.3333333 -0.2235294 -0.41960782 -0.6 -0.5764706 -0.56078434 -0.6 -0.31764704 0.7411765 0.96862745 0.92156863 0.92156863 0.92941177 0.92941177 0.94509804 0.9529412 0.94509804 0.94509804 0.9607843
0.7647059 0.77254903 0.79607844 0.8039216 0.827451 0.827451 0.84313726 0.8352941 0.654902 -0.019607842 -0.79607844 -0.8352941 -0.73333335 -0.6784314 -0.5764706 -0.56078434 -0.5137255 -0.5372549 -0.60784316 -0.54509807 -0.5529412 0.1686275 0.92941177 0.92941177 0.92941177 0.9372549 0.9372549 0.9372549 0.9372549 0.9372549 0.9372549 0.9529412
0.77254903 0.78039217 0.8039216 0.8117647 0.827451 0.84313726 0.84313726 0.81960785 0.8666667 0.15294123 -0.8352941 -0.8666667 -0.8666667 -0.8117647 -0.73333335 -0.7411765 -0.56078434 -0.54509807 -0.6784314 -0.5921569 -0.47450978 -0.40392154 0.33333337 0.9137255 0.9372549 0.9372549 0.9372549 0.9372549 0.94509804 0.9372549 0.9372549 0.9529412
0.77254903 0.78039217 0.8039216 0.8117647 0.81960785 0.8352941 0.8509804 0.8509804 0.75686276 -0.3098039 -0.8901961 -0.8352941 -0.8666667 -0.88235295 -0.8901961 -0.8666667 -0.79607844 -0.79607844 -0.79607844 -0.5764706 -0.56078434 -0.7019608 -0.3960784 0.6784314 0.9607843 0.9372549 0.9372549 0.9372549 0.9372549 0.94509804 0.94509804 0.9529412
0.77254903 0.77254903 0.7882353 0.79607844 0.8039216 0.8039216 0.8039216 0.827451 0.6313726 -0.49019605 -0.8901961 -0.88235295 -0.88235295 -0.88235295 -0.8980392 -0.8980392 -0.90588236 -0.8980392 -0.85882354 -0.7176471 -0.7176471 -0.69411767 -0.56078434 0.34901965 0.9764706 0.9372549 0.92941177 0.92941177 0.9372549 0.9372549 0.9372549 0.9529412
0.77254903 0.77254903 0.77254903 0.77254903 0.78039217 0.77254903 0.7882353 0.8039216 0.58431375 -0.5137255 -0.8745098 -0.8901961 -0.8901961 -0.8666667 -0.88235295 -0.90588236 -0.9137255 -0.8980392 -0.90588236 -0.79607844 -0.7254902 -0.6 -0.5137255 -0.043137252 0.85882354 0.94509804 0.92156863 0.92941177 0.9372549 0.9372549 0.9372549 0.9529412
0.7647059 0.7647059 0.79607844 0.81960785 0.81960785 0.75686276 0.5137255 0.23921573 0.11372554 -0.62352943 -0.88235295 -0.88235295 -0.88235295 -0.88235295 -0.8666667 -0.85882354 -0.8980392 -0.8980392 -0.90588236 -0.8509804 -0.7411765 -0.5686275 -0.4588235 -0.52156866 0.33333337 0.9764706 0.92941177 0.92941177 0.9372549 0.9372549 0.9372549 0.9529412
0.7411765 0.73333335 0.4666667 0.27843142 0.27058828 -0.011764705 -0.36470586 -0.64705884 -0.70980394 -0.8509804 -0.90588236 -0.90588236 -0.90588236 -0.90588236 -0.8980392 -0.8666667 -0.8745098 -0.90588236 -0.92156863 -0.90588236 -0.8117647 -0.67058825 -0.5764706 -0.6392157 -0.40392154 0.3803922 0.9137255 0.94509804 0.9372549 0.9372549 0.94509804 0.9607843
0.7254902 0.6156863 -0.20784312 -0.6392157 -0.5686275 -0.67058825 -0.6784314 -0.7254902 -0.7882353 -0.8117647 -0.90588236 -0.92941177 -0.9137255 -0.92156863 -0.92156863 -0.92156863 -0.9137255 -0.92941177 -0.92156863 -0.8980392 -0.88235295 -0.7882353 -0.6313726 -0.5137255 -0.60784316 -0.4823529 0.5764706 0.96862745 0.9372549 0.94509804 0.9529412 0.9764706
0.7647059 0.45882356 -0.49019605 -0.7411765 -0.69411767 -0.654902 -0.67058825 -0.70980394 -0.75686276 -0.7647059 -0.8352941 -0.92941177 -0.90588236 -0.90588236 -0.92941177 -0.92941177 -0.92941177 -0.9372549 -0.92941177 -0.8980392 -0.8980392 -0.8745098 -0.654902 -0.5372549 -0.4980392 -0.5686275 -0.043137252 0.8901961 0.9529412 0.9529412 0.9529412 0.96862745
0.7882353 0.5529412 -0.34117645 -0.64705884 -0.70980394 -0.7647059 -0.79607844 -0.78039217 -0.78039217 -0.77254903 -0.8117647 -0.90588236 -0.92941177 -0.90588236 -0.9529412 -0.9529412 -0.9529412 -0.9529412 -0.9372549 -0.9137255 -0.92156863 -0.88235295 -0.7647059 -0.654902 -0.5372549 -0.49019605 -0.35686272 0.6784314 0.9843137 0.9529412 0.9529412 0.9607843
0.77254903 0.7490196 0.4431373 0.20784318 -0.05098039 -0.372549 -0.60784316 -0.75686276 -0.827451 -0.85882354 -0.8666667 -0.8745098 -0.92941177 -0.94509804 -0.9607843 -0.96862745 -0.9764706 -0.9764706 -0.94509804 -0.92156863 -0.92941177 -0.8901961 -0.81960785 -0.7647059 -0.5764706 -0.40392154 -0.47450978 0.30980396 0.9529412 0.9529412 0.9607843 0.9607843
0.75686276 0.7490196 0.79607844 0.7882353 0.7176471 0.5686275 0.3411765 0.07450986 -0.20784312 -0.47450978 -0.654902 -0.75686276 -0.8509804 -0.92941177 -0.9607843 -0.96862745 -0.9529412 -0.9529412 -0.92941177 -0.92156863 -0.90588236 -0.8666667 -0.8509804 -0.8039216 -0.70980394 -0.5529412 -0.5058824 -0.17647058 0.78039217 0.9764706 0.9529412 0.9607843
0.7176471 0.6784314 0.6784314 0.6862745 0.6862745 0.654902 0.58431375 0.48235297 0.30980396 0.035294175 -0.2862745 -0.49019605 -0.5686275 -0.64705884 -0.73333335 -0.79607844 -0.827451 -0.8509804 -0.88235295 -0.92156863 -0.90588236 -0.88235295 -0.88235295 -0.75686276 -0.75686276 -0.78039217 -0.654902 -0.36470586 0.48235297 0.99215686 0.9529412 0.9607843
0.60784316 0.45882356 0.3176471 0.17647064 0.082352996 0.105882406 0.12941182 0.12156868 0.06666672 -0.05098039 -0.24705881 -0.41176468 -0.4352941 -0.44313723 -0.4588235 -0.4980392 -0.5372549 -0.49019605 -0.58431375 -0.654902 -0.69411767 -0.79607844 -0.8666667 -0.81960785 -0.8117647 -0.8509804 -0.79607844 -0.5921569 -0.06666666 0.81960785 0.9607843 0.9529412
0.54509807 0.3411765 0.07450986 -0.24705881 -0.4352941 -0.45098037 -0.4352941 -0.42745095 -0.41960782 -0.41960782 -0.4588235 -0.52156866 -0.5294118 -0.5137255 -0.5058824 -0.4980392 -0.372549 -0.26274508 -0.20784312 -0.18431371 -0.082352936 -0.035294116 -0.0745098 -0.14509803 -0.25490195 -0.36470586 -0.5294118 -0.44313723 -0.06666666 0.6862745 0.96862745 0.94509804
0.4901961 0.27843142 -0.0039215684 -0.32549018 -0.47450978 -0.4980392 -0.52156866 -0.5372549 -0.54509807 -0.56078434 -0.5686275 -0.5764706 -0.56078434 -0.54509807 -0.5372549 -0.5137255 -0.42745095 -0.38039213 -0.23137254 -0.1607843 -0.019607842 0.19215691 0.38823533 0.5372549 0.6156863 0.6156863 0.5137255 0.5529412 0.7254902 0.8901961 0.9529412 0.9529412
0.5137255 0.27843142 -0.035294116 -0.35686272 -0.4588235 -0.49019605 -0.5137255 -0.5372549 -0.56078434 -0.58431375 -0.5921569 -0.6 -0.5921569 -0.5764706 -0.56078434 -0.56078434 -0.5764706 -0.5294118 -0.3960784 -0.26274508 -0.10588235 0.082352996 0.27058828 0.45098042 0.6156863 0.78039217 0.92156863 0.9607843 0.94509804 0.9372549 0.94509804 0.94509804
0.64705884 0.47450984 0.19215691 -0.17647058 -0.42745095 -0.4980392 -0.5137255 -0.5294118 -0.5529412 -0.5686275 -0.58431375 -0.5921569 -0.5921569 -0.5921569 -0.5921569 -0.60784316 -0.60784316 -0.5764706 -0.4823529 -0.3333333 -0.1607843 0.027451038 0.20784318 0.38823533 0.54509807 0.69411767 0.8039216 0.8745098 0.9137255 0.92941177 0.94509804 0.9372549
0.7411765 0.6784314 0.5529412 0.27058828 -0.09019607 -0.38039213 -0.52156866 -0.5372549 -0.54509807 -0.56078434 -0.5764706 -0.58431375 -0.6 -0.6 -0.6 -0.5921569 -0.5921569 -0.5686275 -0.5137255 -0.38039213 -0.21568626 -0.043137252 0.13725495 0.3176471 0.48235297 0.64705884 0.77254903 0.8745098 0.92156863 0.9372549 0.9372549 0.9372549
0.7490196 0.73333335 0.7254902 0.6313726 0.4431373 0.13725495 -0.19999999 -0.4352941 -0.54509807 -0.5764706 -0.58431375 -0.5921569 -0.6 -0.60784316 -0.6 -0.58431375 -0.5686275 -0.56078434 -0.5294118 -0.41960782 -0.26274508 -0.11372548 0.058823586 0.23921573 0.41960788 0.58431375 0.7176471 0.8352941 0.8980392 0.92156863 0.92156863 0.92156863
0.73333335 0.7254902 0.73333335 0.7176471 0.6784314 0.5764706 0.34901965 0.058823586 -0.23921567 -0.45098037 -0.54509807 -0.5764706 -0.58431375 -0.58431375 -0.5921569 -0.58431375 -0.5686275 -0.56078434 -0.5294118 -0.45098037 -0.3098039 -0.16862744 -0.0039215684 0.1686275 0.36470592 0.5294118 0.6627451 0.78039217 0.85882354 0.90588236 0.90588236 0.90588236

