/relu/act_quant/export_handler/QuantizeLinear_output_0 (shape: (1, 8, 30, 30)):

=== Batch 0 ===
-- Channel 0 --
57 58 59 60 61 62 63 64 64 65 66 66 66 66 66 67 67 67 66 64 65 66 65 64 63 62 61 60 59 58
60 61 62 62 63 64 66 66 68 69 68 68 69 70 70 71 71 71 70 69 66 68 67 66 65 64 63 62 61 59
63 64 64 65 66 67 68 69 67 67 76 74 72 73 74 75 75 75 76 74 73 72 71 70 68 67 66 64 62 61
64 65 66 66 68 68 71 65 36 46 96 92 75 76 77 78 78 78 77 79 79 79 78 77 75 74 72 69 67 65
65 66 68 69 70 70 72 52 0 8 61 89 81 78 75 71 73 85 92 82 82 84 83 83 83 82 80 78 75 73
67 68 69 65 56 74 91 59 0 0 21 83 86 71 41 30 55 80 105 96 82 85 86 86 87 87 86 85 84 81
69 70 72 50 26 40 75 85 3 0 0 69 95 55 0 0 0 15 62 101 89 84 87 87 88 88 89 88 88 87
69 71 74 58 17 0 0 30 8 0 0 45 88 53 0 0 0 0 29 83 99 85 86 87 88 88 88 88 87 88
69 71 73 79 47 0 0 0 0 0 0 0 42 43 2 0 0 0 0 59 100 92 85 87 88 88 88 87 87 87
68 71 72 76 77 55 7 0 0 0 0 0 0 3 0 0 0 0 0 18 80 103 88 88 88 88 88 87 87 87
68 70 73 74 75 80 69 12 0 0 0 0 0 0 0 0 0 0 0 0 44 92 107 89 88 88 88 88 87 87
69 70 72 75 75 76 79 32 0 0 0 0 0 0 0 0 0 0 0 0 0 68 105 97 88 89 89 89 89 88
68 70 72 73 75 77 70 21 0 0 0 0 0 0 0 0 0 0 0 0 0 23 82 98 88 88 89 89 89 88
67 69 70 72 72 75 66 13 0 0 0 0 0 0 0 0 0 0 0 0 0 0 61 99 91 88 89 89 89 89
67 69 70 68 63 55 51 15 0 0 0 0 0 0 0 0 0 0 0 0 0 0 23 92 104 87 89 89 88 88
62 53 59 60 39 28 26 1 0 0 0 0 0 0 0 0 0 0 0 0 0 0 0 54 96 107 90 89 89 88
36 9 22 20 8 0 0 0 0 0 0 0 0 0 0 0 0 0 0 0 0 0 0 0 61 106 100 88 89 89
8 0 0 0 0 0 0 0 0 0 0 0 0 0 0 0 0 0 0 0 0 0 0 0 11 68 106 91 88 89
9 0 0 0 0 0 0 0 0 0 0 0 0 0 0 0 0 0 0 0 0 0 0 0 0 46 93 94 87 88
29 0 0 0 0 0 0 0 0 0 0 0 0 0 0 0 0 0 0 0 0 0 0 0 0 2 81 98 87 87
62 19 0 0 0 0 0 0 0 0 0 0 0 0 0 0 0 0 0 0 0 0 0 0 0 0 56 101 92 85
69 57 52 42 22 2 0 0 0 0 0 0 0 0 0 0 0 0 0 0 0 0 0 0 0 0 30 84 95 85
52 52 53 54 53 43 26 4 0 0 0 0 0 0 0 0 0 0 0 0 0 0 0 0 0 0 0 67 99 90
32 19 11 15 18 17 14 6 0 0 0 0 0 0 0 0 0 0 0 0 0 0 0 0 0 0 0 37 80 87
17 0 0 0 0 0 0 0 0 0 0 0 0 0 0 0 0 0 0 0 0 0 0 0 0 0 0 5 56 76
9 0 0 0 0 0 0 0 0 0 0 0 0 0 0 0 0 0 0 5 18 28 34 36 34 27 25 34 71 84
12 0 0 0 0 0 0 0 0 0 0 0 0 0 0 0 0 0 0 0 17 33 48 60 69 69 72 78 82 83
29 0 0 0 0 0 0 0 0 0 0 0 0 0 0 0 0 0 0 0 9 26 41 55 67 77 81 81 81 80
51 33 4 0 0 0 0 0 0 0 0 0 0 0 0 0 0 0 0 0 3 20 36 50 62 72 78 80 80 79
60 56 44 20 0 0 0 0 0 0 0 0 0 0 0 0 0 0 0 0 0 13 30 45 58 68 75 78 79 78

-- Channel 1 --
24 25 24 25 25 25 26 26 26 26 27 27 28 28 28 29 28 28 28 26 27 26 26 26 26 26 25 24 24 24
25 25 25 26 26 26 27 27 29 29 28 28 28 29 29 30 30 30 31 30 29 29 28 27 27 26 26 25 25 24
25 25 26 25 26 26 27 26 20 25 28 29 30 29 31 31 31 32 32 32 32 32 31 30 30 29 29 27 26 26
26 26 26 26 27 26 29 11 0 7 23 24 30 31 32 32 33 31 31 32 33 32 33 33 33 33 32 31 30 30
26 26 27 29 29 29 30 9 0 5 6 9 30 29 21 13 14 28 30 31 32 33 33 34 34 34 34 34 34 33
27 28 28 11 6 27 30 20 0 0 4 10 26 11 0 0 0 7 20 28 32 33 33 33 34 34 34 34 35 35
27 27 29 3 0 0 0 16 0 0 0 15 21 2 0 0 0 0 3 15 30 32 32 33 33 33 33 33 33 33
26 27 28 36 30 0 0 0 0 0 0 9 3 0 2 0 0 0 3 12 23 32 32 33 33 33 33 33 33 33
27 27 27 40 39 25 10 0 0 0 0 0 0 0 0 0 0 0 0 16 12 30 33 33 33 33 34 33 33 33
26 26 28 30 34 34 31 25 2 0 0 0 0 0 0 0 0 0 0 0 13 22 34 34 34 33 33 33 33 33
26 26 28 28 28 34 40 6 0 0 0 0 0 0 0 0 0 0 0 0 1 11 29 33 34 34 34 34 34 34
25 26 27 28 29 30 29 0 0 0 0 0 0 0 0 0 0 0 0 0 0 13 11 30 33 33 33 34 34 33
25 25 26 26 26 28 18 0 3 0 0 0 0 0 0 0 0 0 0 0 0 4 10 21 33 33 33 34 33 33
24 25 25 26 26 27 19 0 0 0 0 0 0 0 0 0 0 0 0 0 0 0 17 16 32 34 34 33 34 34
26 27 27 25 13 0 0 0 0 0 0 0 0 0 0 0 0 0 0 0 0 0 0 17 26 34 33 34 33 33
9 0 0 0 0 0 0 0 0 0 0 0 0 0 0 0 0 0 0 0 0 0 0 0 10 30 33 34 34 34
0 0 0 0 0 0 0 0 0 0 0 0 0 0 0 0 0 0 0 0 0 0 0 0 5 12 30 34 34 34
0 0 0 0 0 0 0 0 0 0 0 0 0 0 0 0 0 0 0 0 0 0 0 0 0 8 17 33 33 33
8 0 0 0 0 0 0 0 0 0 0 0 0 0 0 0 0 0 0 0 0 0 0 0 0 22 10 28 33 32
41 29 11 0 0 0 0 0 0 0 0 0 0 0 0 0 0 0 0 0 0 0 0 0 0 0 17 21 33 32
42 30 38 42 36 22 8 0 0 0 0 0 0 0 0 0 0 0 0 0 0 0 0 0 0 0 17 16 30 31
26 17 22 26 25 27 24 17 3 0 0 0 0 0 0 0 0 0 0 0 0 0 0 0 0 0 6 14 22 32
5 0 0 0 0 0 0 0 0 0 0 0 0 0 0 0 0 0 0 0 0 0 0 0 0 0 0 15 16 29
1 0 0 0 0 0 0 0 0 0 0 0 0 0 0 0 0 3 7 11 12 5 1 0 0 0 0 15 14 23
2 0 0 0 0 0 0 0 0 0 0 0 0 0 0 0 0 0 0 8 18 28 37 40 35 38 31 20 26 25
3 0 0 0 0 0 0 0 0 0 0 0 0 0 0 0 0 0 0 0 2 9 17 27 38 38 32 24 38 34
15 4 0 0 0 0 0 0 0 0 0 0 0 0 0 0 0 0 0 0 1 7 13 18 22 21 26 31 33 31
27 21 7 0 0 0 0 0 0 0 0 0 0 0 0 0 0 0 0 0 0 4 10 16 21 26 27 27 28 28
28 29 26 19 6 0 0 0 0 0 0 0 0 0 0 0 0 0 0 0 0 2 8 14 19 23 25 27 27 28
23 25 28 28 25 17 3 0 0 0 0 0 0 0 0 0 0 0 0 0 0 0 6 11 17 21 24 26 27 28

-- Channel 2 --
0 0 0 0 0 0 0 0 0 0 0 0 0 0 0 0 0 0 0 0 0 0 0 0 0 0 0 0 0 0
0 0 0 0 0 0 0 0 0 0 0 0 0 0 0 0 0 0 0 0 0 0 0 0 0 0 0 0 0 0
0 0 0 0 0 0 0 0 0 0 0 0 0 0 0 0 0 0 0 0 0 0 0 0 0 0 0 0 0 0
0 0 0 0 0 0 0 0 0 0 0 0 0 0 0 0 0 0 0 0 0 0 0 0 0 0 0 0 0 0
0 0 0 0 0 0 0 0 8 0 0 0 0 0 0 0 0 0 0 0 0 0 0 0 0 0 0 0 0 0
0 0 0 0 0 0 0 10 42 0 0 0 0 0 0 0 0 0 0 0 0 0 0 0 0 0 0 0 0 0
0 0 0 0 0 0 0 5 51 14 0 0 0 0 4 0 1 0 0 0 0 0 0 0 0 0 0 0 0 0
0 0 0 10 33 4 0 0 37 28 0 0 0 10 35 25 8 0 0 0 0 0 0 0 0 0 0 0 0 0
0 0 0 5 34 35 3 0 20 32 0 0 0 0 39 24 3 0 0 0 0 0 0 0 0 0 0 0 0 0
0 0 0 0 2 22 34 28 24 13 0 0 0 9 35 20 4 4 0 0 0 0 0 0 0 0 0 0 0 0
0 0 0 0 0 0 16 40 31 4 2 0 0 3 8 9 5 3 0 0 0 0 0 0 0 0 0 0 0 0
0 0 0 0 0 0 0 19 36 25 9 3 1 1 0 0 4 3 2 0 0 0 0 0 0 0 0 0 0 0
0 0 0 0 0 0 0 24 44 30 9 8 6 6 2 0 8 3 0 0 0 0 0 0 0 0 0 0 0 0
0 0 0 0 0 0 0 38 45 21 8 10 10 9 7 7 8 0 0 9 3 0 0 0 0 0 0 0 0 0
0 0 0 0 0 0 0 34 42 17 9 9 9 10 11 9 8 3 2 4 2 0 0 0 0 0 0 0 0 0
0 0 0 0 0 0 0 22 39 17 9 8 8 9 11 10 9 6 2 0 0 0 0 0 0 0 0 0 0 0
0 0 0 0 0 12 13 26 32 15 9 9 9 8 9 10 10 8 4 0 0 4 0 0 0 0 0 0 0 0
10 9 4 10 20 21 16 13 16 12 9 10 10 9 9 11 11 9 7 1 0 2 2 0 0 0 0 0 0 0
36 38 15 6 6 5 8 9 12 13 10 9 11 10 10 10 9 8 8 6 0 0 0 4 0 0 0 0 0 0
46 55 33 20 15 11 9 7 8 13 12 9 10 11 10 10 9 9 9 8 1 0 0 4 0 0 0 0 0 0
24 37 26 29 33 32 28 22 17 16 15 12 11 11 10 11 11 9 10 10 5 1 0 0 0 0 0 0 0 0
0 0 1 9 14 18 21 23 21 16 17 19 18 16 15 14 12 10 10 10 7 4 2 0 0 0 0 0 0 0
0 0 0 0 0 0 2 9 14 14 13 15 17 17 17 17 19 17 16 13 10 6 4 1 0 0 0 0 0 0
0 0 0 0 0 0 0 0 8 12 8 6 7 8 9 11 16 19 21 25 28 25 21 22 15 0 0 0 0 0
5 7 7 4 1 0 2 4 8 11 8 5 5 6 4 1 0 6 4 7 13 17 21 28 31 23 4 0 0 0
11 17 15 10 6 5 5 5 6 8 7 5 4 4 0 0 0 0 0 0 0 0 0 0 8 7 0 0 0 0
18 24 19 9 6 7 7 7 7 7 6 5 4 4 3 1 0 0 0 0 0 0 0 0 0 0 0 0 0 0
17 28 27 15 9 6 7 8 7 7 6 5 5 6 7 5 0 0 0 0 0 0 0 0 0 0 0 0 0 0
6 18 27 27 20 13 8 7 7 7 7 6 6 7 7 6 2 0 0 0 0 0 0 0 0 0 0 0 0 0
0 2 14 22 26 23 18 13 9 8 7 7 7 6 6 6 4 0 0 0 0 0 0 0 0 0 0 0 0 0

-- Channel 3 --
0 0 0 0 0 0 0 0 0 0 0 0 0 0 0 0 0 0 0 0 0 0 0 0 0 0 0 0 0 0
0 0 0 0 0 0 0 0 0 0 0 0 0 0 0 0 0 0 0 0 0 0 0 0 0 0 0 0 0 0
0 0 0 0 0 0 0 0 0 0 0 0 0 0 0 0 0 0 0 0 0 0 0 0 0 0 0 0 0 0
0 0 0 0 0 0 0 0 0 0 0 0 0 0 0 0 0 0 0 0 0 0 0 0 0 0 0 0 0 0
0 0 0 0 0 0 0 0 0 33 0 0 0 0 0 0 0 0 0 0 0 0 0 0 0 0 0 0 0 0
0 0 0 0 0 0 0 0 0 59 35 0 0 0 0 0 2 0 0 0 0 0 0 0 0 0 0 0 0 0
0 0 0 0 0 0 0 0 0 59 77 0 0 0 0 34 32 26 0 0 0 0 0 0 0 0 0 0 0 0
0 0 0 0 0 0 4 0 0 62 91 17 0 0 0 51 56 71 40 0 0 0 0 0 0 0 0 0 0 0
0 0 0 0 0 0 12 23 10 52 89 70 0 0 10 57 68 71 76 0 0 0 0 0 0 0 0 0 0 0
0 0 0 0 0 0 0 0 35 62 87 95 59 15 16 49 66 65 75 54 0 0 0 0 0 0 0 0 0 0
0 0 0 0 0 0 0 0 15 99 97 92 86 65 60 59 67 71 67 75 14 0 0 0 0 0 0 0 0 0
0 0 0 0 0 0 0 0 2 90 98 99 95 91 88 76 77 82 68 70 77 0 0 0 0 0 0 0 0 0
0 0 0 0 0 0 0 0 18 76 97 102 102 100 98 95 88 86 76 77 84 49 0 0 0 0 0 0 0 0
0 0 0 0 0 0 0 0 30 88 101 99 99 101 103 102 99 99 87 76 72 72 0 0 0 0 0 0 0 0
0 0 0 0 0 0 0 0 46 94 101 100 99 100 101 102 102 104 92 81 70 74 41 0 0 0 0 0 0 0
0 0 0 0 0 2 21 14 60 96 102 102 102 100 99 103 103 105 100 89 75 70 79 0 0 0 0 0 0 0
0 0 16 13 26 34 48 48 63 94 104 103 103 103 101 102 105 105 103 97 84 67 73 67 0 0 0 0 0 0
0 26 54 42 44 52 69 82 86 100 104 103 104 105 104 103 104 104 103 103 93 72 62 77 58 0 0 0 0 0
0 23 65 76 78 84 85 87 88 95 105 104 104 107 107 106 107 106 103 104 101 82 68 61 76 25 0 0 0 0
0 0 18 39 58 72 82 90 92 95 102 106 105 108 108 108 108 107 104 104 102 94 78 60 60 56 0 0 0 0
0 0 0 0 0 15 35 52 68 79 89 101 105 107 109 109 108 106 104 103 101 97 89 72 60 70 0 0 0 0
0 0 0 0 0 0 0 14 38 59 72 80 88 93 98 100 102 104 105 103 102 99 92 87 73 71 38 0 0 0
0 0 0 0 0 0 0 0 16 43 58 62 68 73 77 78 78 82 88 89 94 98 93 95 92 80 64 0 0 0
0 0 0 8 7 6 8 11 20 36 53 57 59 61 63 59 49 51 50 45 45 47 49 51 64 70 61 7 0 0
0 0 21 36 39 38 38 38 39 46 55 59 58 57 55 48 42 33 30 18 7 1 0 0 0 3 0 0 0 0
0 0 30 48 55 57 58 60 60 61 63 64 64 62 63 60 52 35 26 11 0 0 0 0 0 0 0 0 0 0
0 0 22 46 55 59 61 63 64 65 66 67 66 65 67 67 60 48 32 16 0 0 0 0 0 0 0 0 0 0
0 0 0 28 47 57 61 63 65 66 67 68 68 67 67 67 65 57 41 24 4 0 0 0 0 0 0 0 0 0
0 0 0 0 16 39 53 61 65 66 67 68 69 68 67 67 66 61 47 30 12 0 0 0 0 0 0 0 0 0
0 0 0 0 0 0 25 43 56 62 65 67 67 67 66 65 65 62 51 35 19 0 0 0 0 0 0 0 0 0

-- Channel 4 --
0 0 0 0 0 0 0 0 0 0 0 0 0 0 0 0 0 0 0 0 0 0 0 0 0 0 0 0 0 0
0 0 0 0 0 0 0 0 0 0 0 0 0 0 0 0 0 0 0 0 0 0 0 0 0 0 0 0 0 0
0 0 0 0 0 0 0 0 0 0 0 0 0 0 0 0 0 0 0 0 0 0 0 0 0 0 0 0 0 0
0 0 0 0 0 0 0 0 0 0 0 0 0 0 0 0 0 0 0 0 0 0 0 0 0 0 0 0 0 0
0 0 0 0 0 0 0 0 0 0 0 0 0 0 0 0 0 0 0 0 0 0 0 0 0 0 0 0 0 0
0 0 0 0 0 0 0 0 0 0 51 0 0 0 0 0 0 0 0 0 0 0 0 0 0 0 0 0 0 0
0 0 0 0 0 0 0 0 0 2 94 26 0 0 0 0 10 0 0 0 0 0 0 0 0 0 0 0 0 0
0 0 0 0 0 0 0 0 0 27 115 57 0 0 0 0 78 98 44 0 0 0 0 0 0 0 0 0 0 0
0 0 0 0 0 0 0 0 0 43 124 97 26 0 0 40 95 102 95 20 0 0 0 0 0 0 0 0 0 0
0 0 0 0 0 0 0 0 0 39 121 127 71 0 0 59 88 85 108 62 0 0 0 0 0 0 0 0 0 0
0 0 0 0 0 0 0 0 0 63 119 126 109 80 70 89 91 86 102 104 27 0 0 0 0 0 0 0 0 0
0 0 0 0 0 0 0 0 0 50 127 125 122 117 108 106 101 101 100 112 84 0 0 0 0 0 0 0 0 0
0 0 0 0 0 0 0 0 0 51 127 127 127 125 127 121 107 108 117 105 108 56 0 0 0 0 0 0 0 0
0 0 0 0 0 0 0 0 0 83 127 127 127 127 127 127 127 127 122 99 107 105 29 0 0 0 0 0 0 0
0 0 0 0 0 0 0 0 0 97 127 127 127 127 127 127 127 127 126 114 111 118 60 0 0 0 0 0 0 0
0 0 0 0 0 0 0 0 34 111 127 127 127 127 127 127 127 127 127 125 114 117 93 19 0 0 0 0 0 0
0 0 0 4 0 7 25 27 63 115 127 127 127 127 127 127 127 127 127 127 120 102 113 76 0 0 0 0 0 0
0 0 20 37 35 56 87 101 114 124 127 127 127 127 127 127 127 127 127 127 123 108 104 110 50 0 0 0 0 0
0 0 62 98 104 111 112 114 117 123 127 127 127 127 127 127 127 127 127 127 127 122 99 96 108 36 0 0 0 0
0 0 18 51 66 84 101 113 118 122 127 127 127 127 127 127 127 127 127 127 127 127 107 92 98 69 0 0 0 0
0 0 0 0 4 22 41 61 80 96 114 126 127 127 127 127 127 127 127 127 127 127 118 105 100 95 30 0 0 0
0 0 0 0 0 0 8 30 50 70 89 103 111 118 123 127 127 127 127 127 127 127 127 116 99 111 63 0 0 0
0 0 0 0 0 0 0 0 22 50 70 85 94 100 103 104 108 106 110 116 118 122 127 127 114 113 103 23 0 0
0 0 0 0 0 0 0 1 13 36 60 74 80 85 88 88 83 77 75 75 68 68 69 71 85 93 98 35 0 0
0 0 0 22 34 34 33 33 37 49 65 73 74 72 70 73 63 59 54 48 42 36 26 15 17 18 21 4 0 0
0 0 11 52 69 71 72 74 73 75 79 83 83 80 82 79 66 54 42 25 4 0 0 0 0 0 0 0 0 0
0 0 3 47 69 75 78 80 83 84 86 87 85 85 87 82 77 65 49 33 9 0 0 0 0 0 0 0 0 0
0 0 0 19 48 66 77 80 83 85 87 88 89 87 86 86 87 77 62 43 19 0 0 0 0 0 0 0 0 0
0 0 0 0 10 35 59 74 83 86 87 88 88 88 88 88 88 82 70 51 27 2 0 0 0 0 0 0 0 0
0 0 0 0 0 0 22 44 64 77 84 86 88 88 88 87 86 83 73 57 35 12 0 0 0 0 0 0 0 0

-- Channel 5 --
0 0 0 0 0 0 0 0 0 0 0 0 0 0 0 0 0 0 0 0 0 0 0 0 0 0 0 0 0 0
0 0 0 0 0 0 0 0 0 0 0 0 0 0 0 0 0 0 0 0 0 0 0 0 0 0 0 0 0 0
0 0 0 0 0 0 0 0 1 0 3 1 0 0 0 0 0 0 0 0 0 0 0 0 0 0 0 0 0 0
0 0 0 0 0 0 0 4 4 0 4 12 0 0 0 0 0 0 0 0 0 0 1 0 0 0 0 0 0 0
0 0 0 0 0 0 0 7 6 0 0 3 0 0 0 0 0 1 8 0 0 0 0 0 0 0 1 2 2 2
0 0 0 3 0 0 9 21 32 0 0 0 1 4 3 0 0 0 7 10 0 0 0 0 0 0 0 1 2 3
0 0 0 8 0 0 0 36 56 0 0 0 7 12 0 0 0 0 0 8 2 0 0 0 0 0 0 0 0 0
0 0 0 11 3 0 0 0 43 4 0 0 4 30 19 0 0 0 0 0 9 0 0 0 0 0 0 0 0 0
0 0 0 15 29 26 0 0 0 0 0 0 0 25 28 0 6 0 0 0 5 3 0 0 0 0 0 0 0 0
0 0 0 1 13 34 43 31 2 0 0 0 0 0 0 0 4 1 0 0 0 9 0 0 0 0 0 0 0 0
0 0 0 0 0 6 25 54 46 4 0 0 0 0 0 5 10 3 0 0 0 0 11 0 0 0 0 0 0 0
0 0 0 0 0 0 4 39 28 3 2 0 0 0 0 1 8 1 7 0 0 0 0 3 0 0 0 0 0 0
0 0 0 0 0 0 1 35 5 0 4 4 1 0 0 0 0 0 2 4 0 0 0 4 0 0 0 0 0 0
0 0 0 0 0 0 3 43 0 0 4 2 4 3 0 0 0 0 2 2 0 0 0 6 0 0 0 0 0 0
0 0 0 0 0 0 5 49 7 0 4 3 4 5 5 2 2 0 1 3 5 0 0 0 9 0 0 0 0 0
2 0 1 12 7 1 0 19 3 2 4 3 4 4 6 5 4 0 0 0 6 0 0 0 0 12 0 0 0 0
9 0 0 0 0 0 0 0 0 0 2 2 1 2 3 4 4 1 0 0 0 5 0 0 0 0 6 0 0 0
16 0 0 0 0 0 0 3 5 4 0 3 2 1 2 2 2 2 2 0 0 6 2 0 0 0 9 0 0 0
33 0 0 0 0 6 7 7 10 8 3 3 5 3 3 3 2 2 4 1 0 0 10 7 0 0 0 2 0 0
36 10 0 0 0 0 0 1 6 8 5 2 3 2 2 2 2 2 3 2 0 0 0 6 0 0 0 6 0 0
30 32 43 39 25 9 0 0 0 0 0 2 2 1 2 2 1 1 2 2 0 0 0 0 7 0 0 6 1 0
7 14 32 46 53 56 51 39 25 11 8 5 2 0 0 1 1 2 2 2 3 2 0 0 1 0 0 0 5 0
0 0 0 4 14 23 31 39 39 30 19 18 17 14 10 6 6 1 0 0 0 0 3 3 0 0 0 0 8 1
0 0 0 0 0 0 0 0 8 10 9 11 15 17 17 19 19 19 11 10 5 0 0 0 0 0 0 0 0 0
1 0 0 0 0 0 0 0 0 0 0 0 0 0 1 5 14 22 24 31 39 40 37 30 20 5 0 0 0 0
5 6 0 0 0 0 0 0 0 0 0 0 1 1 0 0 0 0 0 2 10 22 35 45 55 51 40 21 16 3
9 8 0 0 2 3 3 2 1 1 0 0 1 1 0 0 0 0 0 0 0 0 0 0 7 13 17 12 4 0
17 20 11 0 0 0 3 3 3 2 2 2 2 1 1 0 0 0 0 0 0 0 0 0 0 0 0 0 0 0
14 24 27 21 8 0 0 0 2 2 2 2 2 2 2 2 0 0 0 0 0 0 0 0 0 0 0 0 0 0
3 12 23 31 32 21 7 0 0 0 1 2 2 1 2 2 1 0 0 0 0 0 0 0 0 0 0 0 0 0

-- Channel 6 --
0 0 0 0 0 0 0 0 0 0 0 0 0 0 0 0 0 0 0 0 0 0 0 0 0 0 0 0 0 0
0 0 0 0 0 0 0 0 0 0 0 0 0 0 0 0 0 0 0 0 0 0 0 0 0 0 0 0 0 0
0 0 0 0 0 0 0 0 0 0 0 0 0 0 0 0 0 0 0 0 0 0 0 0 0 0 0 0 0 0
0 0 0 0 0 0 0 2 36 4 0 0 0 0 0 0 0 0 0 0 0 0 0 0 0 0 0 0 0 0
0 0 0 0 0 0 0 2 36 29 0 0 0 0 0 1 0 0 0 0 0 0 0 0 0 0 0 0 0 0
0 0 0 2 7 0 0 0 21 32 1 0 0 4 37 32 15 0 0 0 0 0 0 0 0 0 0 0 0 0
0 0 0 6 35 26 0 0 5 27 13 0 0 8 36 28 29 32 0 0 0 0 0 0 0 0 0 0 0 0
0 0 0 0 0 39 59 22 0 6 23 0 0 3 14 11 14 26 13 0 0 0 0 0 0 0 0 0 0 0
0 0 0 0 0 0 17 56 33 8 21 34 25 2 0 5 10 14 26 0 0 0 0 0 0 0 0 0 0 0
0 0 0 0 0 0 0 0 38 38 18 26 30 21 9 9 14 11 22 16 0 0 0 0 0 0 0 0 0 0
0 0 0 0 0 0 0 0 15 19 18 20 18 19 9 5 12 11 8 26 13 0 0 0 0 0 0 0 0 0
0 0 0 0 0 0 0 18 16 5 14 19 21 18 17 18 12 4 10 26 30 0 0 0 0 0 0 0 0 0
0 0 0 0 0 0 0 20 21 17 15 14 16 18 21 20 17 14 17 13 20 8 0 0 0 0 0 0 0 0
0 0 0 0 0 0 0 16 21 18 15 14 14 15 17 16 17 16 14 10 12 17 0 0 0 0 0 0 0 0
0 0 0 0 2 12 6 5 11 14 14 15 14 12 14 15 15 15 13 8 8 28 10 0 0 0 0 0 0 0
4 11 3 9 20 24 23 9 4 13 14 14 15 13 13 15 16 16 14 12 12 19 31 9 0 0 0 0 0 0
27 42 28 22 18 19 27 24 22 19 15 14 15 16 15 15 14 14 17 17 13 7 24 42 0 0 0 0 0 0
27 30 29 27 22 20 16 13 14 17 15 14 15 15 16 16 15 14 15 18 12 8 9 21 27 0 0 0 0 0
10 20 22 21 18 13 11 11 11 14 15 14 15 15 15 15 14 14 14 15 15 14 8 6 20 0 0 0 0 0
0 0 3 18 24 24 22 18 14 12 14 16 15 14 15 15 14 13 14 14 15 16 11 4 16 9 0 0 0 0
0 0 0 0 0 0 11 20 22 19 17 17 17 15 14 13 13 14 12 12 15 16 16 13 10 18 0 0 0 0
0 0 0 0 0 0 0 0 1 10 8 8 12 14 14 14 14 16 14 12 14 11 15 22 17 15 1 0 0 0
6 9 9 2 0 0 0 0 0 0 0 0 0 0 4 2 6 11 11 16 18 17 16 17 19 20 18 0 0 0
11 22 27 24 21 18 14 9 5 4 5 5 3 1 0 0 0 0 0 0 0 3 9 12 18 18 15 1 0 0
7 15 17 19 21 22 21 20 17 12 10 10 10 8 6 5 0 0 0 0 0 0 0 0 0 0 0 5 3 0
7 12 10 9 10 11 12 12 12 11 11 10 9 10 13 12 8 4 0 0 0 0 0 0 0 0 0 0 0 0
0 7 14 13 9 8 9 9 10 9 10 10 10 11 11 11 12 8 4 1 0 0 0 0 0 0 0 0 0 0
0 0 1 14 16 12 9 9 9 9 10 10 10 9 9 10 10 8 5 2 0 0 0 0 0 0 0 0 0 0
0 0 0 0 6 16 16 12 9 9 9 10 9 9 8 9 9 8 5 3 1 0 0 0 0 0 0 0 0 0
0 0 0 0 0 0 8 16 15 11 10 9 10 10 9 8 8 7 6 4 2 0 0 0 0 0 0 0 0 0

-- Channel 7 --
0 0 0 0 0 0 0 0 0 0 0 0 0 0 0 0 0 0 0 0 0 0 0 0 0 0 0 0 0 0
0 0 0 0 0 0 0 0 0 0 0 0 0 0 0 0 0 0 0 0 0 0 0 0 0 0 0 0 0 0
0 0 0 0 0 0 0 0 0 0 0 0 0 0 0 0 0 0 0 0 0 0 0 0 0 0 0 0 0 0
0 0 0 0 0 0 0 0 0 8 20 1 0 0 0 0 0 0 0 0 0 0 0 0 0 0 0 0 0 0
0 0 0 0 0 0 0 0 0 0 0 4 0 0 0 0 1 6 0 0 0 0 0 0 0 0 0 0 0 0
0 0 0 0 0 8 2 4 12 0 0 5 0 0 0 6 13 15 17 0 0 0 0 0 0 0 0 0 0 0
0 0 0 0 0 0 19 35 33 0 0 2 1 0 0 0 0 0 0 7 0 0 0 0 0 0 0 0 0 0
0 0 0 7 0 0 0 7 54 11 0 0 7 14 15 0 0 0 0 5 0 0 0 0 0 0 0 0 0 0
0 0 0 4 23 10 0 0 4 10 0 0 5 42 36 4 9 0 0 0 8 0 0 0 0 0 0 0 0 0
0 0 0 0 3 25 28 0 0 0 1 0 0 0 4 0 4 6 0 0 3 1 0 0 0 0 0 0 0 0
0 0 0 0 0 0 16 29 20 4 4 0 0 2 8 11 9 7 4 0 0 13 2 0 0 0 0 0 0 0
0 0 0 0 0 0 0 15 33 12 7 4 2 7 3 11 17 11 6 0 0 0 8 0 0 0 0 0 0 0
0 0 0 0 0 0 0 13 9 0 12 10 7 5 1 4 6 2 8 9 0 0 0 0 0 0 0 0 0 0
0 0 0 0 0 0 0 20 3 2 10 10 10 9 8 8 6 3 8 7 0 0 0 3 0 0 0 0 0 0
0 0 0 0 0 0 9 42 15 8 11 10 12 12 10 9 10 6 9 9 7 0 0 12 0 0 0 0 0 0
0 0 5 9 12 12 11 40 21 10 10 11 11 12 13 11 11 8 8 7 9 0 0 0 17 2 0 0 0 0
0 0 1 9 5 0 0 0 0 5 10 11 10 10 12 13 12 10 6 5 7 9 0 0 0 11 0 0 0 0
1 0 0 0 0 0 3 8 10 7 8 11 10 10 10 10 10 10 9 5 6 8 5 0 0 0 4 0 0 0
12 0 0 2 8 12 13 12 14 12 9 11 12 11 11 11 11 11 11 9 4 7 11 9 0 0 1 0 0 0
24 0 0 0 0 0 1 7 13 15 10 10 12 11 11 11 11 10 11 11 5 4 5 10 0 0 0 0 0 0
21 21 19 10 0 0 0 0 0 0 5 6 9 10 12 11 10 10 12 11 7 6 3 7 11 0 0 6 0 0
0 9 21 31 35 34 26 14 4 0 4 4 2 2 4 7 8 8 11 12 11 10 4 0 8 0 0 0 0 0
0 0 2 11 18 24 29 32 30 21 16 16 14 11 7 6 3 1 1 1 4 5 10 7 2 0 0 0 6 0
0 0 0 0 0 0 6 12 17 17 13 15 17 19 20 16 16 11 5 1 0 0 0 0 0 0 0 0 0 0
0 0 0 0 0 0 0 0 0 3 3 4 4 6 6 9 17 21 21 27 29 23 14 3 0 0 0 0 0 0
0 3 3 3 3 3 2 2 3 4 5 6 6 6 2 4 4 7 5 4 10 18 26 31 35 24 11 0 0 0
0 0 0 0 6 7 7 6 6 6 5 5 5 6 5 2 0 0 0 0 0 0 0 0 1 6 7 0 0 0
5 5 0 0 0 4 7 7 8 8 7 7 6 7 6 4 2 0 0 0 0 0 0 0 0 0 0 0 0 0
5 12 12 1 0 0 0 5 8 8 8 7 7 7 8 6 4 2 1 0 0 0 0 0 0 0 0 0 0 0
0 3 12 17 12 0 0 0 0 4 6 7 6 6 7 7 6 2 1 0 0 0 0 0 0 0 0 0 0 0

