/relu/act_quant/activation_impl/Relu_output_0 (shape: (1, 8, 30, 30)):

=== Batch 0 ===
-- Channel 0 --
0.20086911 0.19591956 0.1730965 0.16257891 0.15900427 0.14972407 0.1357001 0.12903225 0.12580128 0.122638874 0.118857875 0.11253349 0.11872033 0.11920147 0.14532413 0.17481534 0.18767048 0.1816894 0.17426522 0.15783566 0.18244582 0.19516325 0.1903514 0.19784436 0.20485643 0.2167492 0.20464976 0.2071245 0.21152449 0.21344903
0.19770674 0.17907691 0.1438806 0.11452701 0.10579683 0.11012764 0.11535208 0.112464465 0.1271756 0.12525132 0.104627706 0.10400933 0.115008265 0.12195161 0.13776258 0.17165297 0.18890774 0.18987009 0.18732661 0.1769461 0.1761214 0.19310111 0.1638161 0.14553009 0.14016889 0.1476618 0.14044347 0.14181861 0.14181851 0.16024128
0.19942547 0.16464132 0.117895715 0.078024045 0.07039321 0.07513659 0.0953475 0.11212106 0.07919288 0.0818738 0.15343605 0.13542508 0.114733264 0.1265573 0.13549344 0.14718013 0.14119957 0.12868819 0.13102546 0.118583 0.112120904 0.12092046 0.11143378 0.09493546 0.092804514 0.10070917 0.091291524 0.085242406 0.08572355 0.11342714
0.17433408 0.15494825 0.11920183 0.079399034 0.07334963 0.0779552 0.13047552 0.040764913 0.0 0.0 0.3448874 0.27463105 0.10077856 0.102428235 0.08269862 0.08324853 0.075411834 0.0683314 0.0635877 0.062144075 0.05485705 0.050939355 0.045576725 0.041108165 0.042895827 0.04757086 0.047914777 0.053139012 0.057126157 0.078574
0.15247364 0.14257415 0.12710719 0.10806516 0.102840595 0.09527871 0.14951773 0.0 0.0 0.0 0.38262758 0.36537263 0.099128045 0.08180486 0.013335951 0.0 0.0 0.037877772 0.06894962 0.0 0.0 0.0 0.0 0.0054994277 0.012923783 0.014367407 0.017873352 0.024266189 0.027841395 0.05052701
0.12958203 0.13652486 0.12923834 0.03863383 0.0 0.13191903 0.2830868 0.0 0.0 0.0 0.43686622 0.53709483 0.110195674 0.0 0.0 0.0 0.0 0.108339965 0.30336604 0.11617664 0.0 0.0 0.0 0.0 0.0 0.0 0.0 0.0 0.006599014 0.012511319
0.12703834 0.13288176 0.13893111 0.0 0.0 0.0 0.2148242 0.10057254 0.0 0.0 0.22754158 0.63684154 0.23867825 0.0 0.0 0.0 0.0 0.035746716 0.33670658 0.2978666 0.010861462 0.0 0.0 0.0 0.0 0.0 0.0 0.0 0.0 0.0
0.1276571 0.14085591 0.13618104 0.0 0.0 0.0 0.0 0.0 0.0 0.0 0.0 0.61690605 0.3644793 0.0 0.0 0.0 0.0 0.0 0.49914798 0.43061075 0.1630601 0.0 0.0 0.0 0.0 0.0 0.0 0.0 0.0 0.0
0.11074621 0.12593874 0.118994884 0.1178271 0.0 0.0 0.0 0.0 0.0 0.0 0.0 0.3050846 0.1863642 0.0 0.0 0.0 0.0 0.0 0.15288612 0.61690587 0.33485088 0.025778716 0.0 0.0 0.0 0.0 0.0 0.0 0.0 0.0
0.053963657 0.07692426 0.074586794 0.09706651 0.07046274 0.0 0.0 0.0 0.0 0.0 0.0 0.0 0.0782304 0.0 0.0 0.0 0.0 0.0 0.0 0.4941984 0.5045099 0.2105619 0.0 0.0 0.0 0.0 0.0 0.0 0.0 0.0
0.0 0.011411628 0.030522184 0.05410139 0.050457936 0.047914524 0.0 0.0 0.0 0.0 0.0 0.0 0.0 0.0 0.0 0.0 0.0 0.0 0.0 0.14353693 0.52733284 0.315465 0.15914157 0.0 0.0 0.0 0.0 0.0 0.0 0.0
0.0 0.0 0.0 0.04303388 0.039321337 0.045920644 0.040490042 0.0 0.0 0.0 0.0 0.0 0.0 0.0 0.0 0.0 0.0 0.0 0.0 0.0 0.21214311 0.525958 0.3452995 0.050251637 0.0 0.0 0.0 0.0 0.0 0.0
0.0 0.0 0.0 0.021722939 0.024885323 0.039733607 0.0 0.0 0.0 0.0 0.0 0.0 0.0 0.0 0.0 0.0 0.0 0.0 0.0 0.0 0.0 0.5319388 0.51049083 0.14745525 0.0 0.0 0.0 0.0 0.0 0.0
0.0 0.0 0.0 0.016154593 0.02199832 0.04289588 0.0 0.0 0.0 0.0 0.0 0.0 0.008798953 0.008798953 0.0 0.0 0.0 0.0 0.0 0.0 0.0 0.20355025 0.6710073 0.30295327 0.0 0.0 0.0 0.0 0.0 0.0
0.0 0.0 0.0 0.0 0.0 0.0 0.0 0.0 0.0 0.0 0.008798953 0.008798953 0.008798953 0.008798953 0.008798953 0.008798953 0.008798953 0.0 0.0 0.0 0.0 0.0 0.41438705 0.43659148 0.15157989 0.0 0.0 0.0 0.0 0.0
0.0 0.0 0.0 0.0 0.0 0.0 0.0 0.0 0.0 0.0 0.008798953 0.008798953 0.008798953 0.008798953 0.008798953 0.008798953 0.008798953 0.0 0.0 0.0 0.0 0.0 0.057263527 0.43370396 0.27600583 0.14745489 0.0 0.0 0.0 0.0
0.0 0.0 0.0 0.0 0.0 0.0 0.0 0.0 0.0 0.0 0.008798953 0.008798953 0.008798953 0.008798953 0.008798953 0.008798953 0.008798953 0.0050870143 0.0 0.0 0.0 0.0 0.0 0.20959944 0.38173375 0.35952935 0.08393601 0.0 0.0 0.0
0.0 0.0 0.0 0.0 0.0 0.0 0.0 0.0 0.0 0.0 0.0 0.008798953 0.008798953 0.008798953 0.008798953 0.008798953 0.008798953 0.008798953 0.0 0.0 0.0 0.0 0.0 0.0 0.39830098 0.46333227 0.2705064 0.0 0.0 0.0
0.0 0.0 0.0 0.0 0.0 0.0 0.0 0.0 0.0 0.0 0.0 0.008798953 0.008798953 0.008798953 0.008798953 0.008798953 0.008798953 0.008798953 0.008798953 0.0 0.0 0.0 0.0 0.0 0.020966694 0.6881931 0.40400687 0.048463974 0.0 0.0
0.0 0.0 0.0 0.0 0.0 0.0 0.0 0.0 0.0 0.0 0.0 0.008798953 0.008798953 0.008798953 0.008798953 0.008798953 0.008798953 0.008798953 0.008798953 0.008798953 0.0 0.0 0.0 0.0 0.0 0.3844148 0.6140876 0.16223517 0.0 0.0
0.0 0.0 0.0 0.0 0.0 0.0 0.0 0.0 0.0 0.0 0.0 0.0 0.004261907 0.008798953 0.008798953 0.008798953 0.008798953 0.008798953 0.008798953 0.008798953 0.0 0.0 0.0 0.0 0.0 0.06345046 0.617662 0.34138128 0.012167519 0.0
0.0 0.0 0.0 0.0 0.0 0.0 0.0 0.0 0.0 0.0 0.0 0.0 0.0 0.0 0.0 0.0 0.0 0.004261907 0.008798953 0.008798953 0.0 0.0 0.0 0.0 0.0 0.0 0.49612334 0.41452476 0.0847607 0.0
0.0 0.0 0.0 0.0 0.0 0.0 0.0 0.0 0.0 0.0 0.0 0.0 0.0 0.0 0.0 0.0 0.0 0.0 0.0 0.0 0.0 0.0 0.0 0.0 0.0 0.0 0.16044791 0.53578836 0.2265794 0.0
0.0 0.0 0.0 0.0 0.0 0.0 0.0 0.0 0.0 0.0 0.0 0.0 0.0 0.0 0.0 0.0836613 0.05245136 0.050114296 0.06028813 0.05719478 0.039664973 0.0 0.0 0.0 0.0 0.0 0.01966064 0.5191524 0.2869363 0.018629258
0.0 0.0 0.0 0.0 0.0 0.0 0.0 0.0 0.0 0.0 0.0 0.0 0.0 0.0 0.0 0.007149201 0.04908296 0.039115164 0.07816153 0.14484297 0.16766588 0.15412316 0.114733376 0.048395522 0.0 0.0 0.12600714 0.35052398 0.29442897 0.0
0.0 0.0 0.0 0.0 0.0 0.0 0.0 0.0 0.0 0.0 0.0 0.0 0.0 0.0 0.0 0.0 0.024128765 0.022822956 0.046058264 0.11597061 0.13136919 0.11432075 0.10387156 0.09534756 0.0984411 0.09569124 0.16567233 0.20850006 0.24871483 0.048532758
0.0 0.0 0.0 0.0 0.0 0.0 0.0 0.0 0.0 0.0 0.0 0.0 0.0 0.0 0.0 0.0 0.0 0.052313916 0.06296936 0.10889006 0.12813824 0.10222183 0.07053101 0.05437637 0.030453857 0.0 0.026604122 0.04873899 0.03169063 0.0
0.0 0.0 0.0 0.0 0.0 0.0 0.0 0.0 0.0 0.0 0.0 0.0 0.0 0.0 0.0 0.0 0.0 0.04715791 0.08854171 0.11404585 0.12373864 0.12057641 0.103940725 0.085585825 0.07637412 0.04351506 0.0 0.0 0.0 0.0
0.0 0.0 0.0 0.0 0.0 0.0 0.0 0.0 0.0 0.0 0.0 0.0 0.0 0.0 0.0 0.0 0.0 0.010380306 0.07994864 0.10717139 0.10820257 0.10524662 0.10222181 0.098509744 0.07754293 0.04468326 0.0070117167 0.0 0.0 0.0
0.0 0.0 0.0 0.0 0.0 0.0 0.0 0.0 0.0 0.0 0.0 0.0 0.0 0.0 0.0 0.0 0.0 0.0 0.06269406 0.091910325 0.09899091 0.107515186 0.11438948 0.104971595 0.07795538 0.036228064 0.0 0.0 0.0 0.0

-- Channel 1 --
0.0 0.0 0.0 0.0 0.0 0.0 0.0 0.0 0.0 0.0 0.0 0.0 0.0 0.0 0.0 0.0 0.0 0.0 0.0 0.0 0.0 0.0 0.0 0.0 0.0 0.0 0.0 0.0 0.0 0.0
0.0 0.0 0.0 0.0 0.0 0.0 0.0 0.0 0.0 0.0 0.0 0.0 0.0 0.0 0.0 0.0 0.0 0.0 0.0 0.0 0.0 0.0 0.0 0.0 0.0 0.0 0.0 0.0 0.0 0.0
0.0 0.0 0.0 0.0 0.0 0.0 0.0 0.0 0.0 0.0 0.0 0.0 0.0 0.0 0.0 0.0 0.0 0.0 0.0 0.0 0.0 0.0 0.0 0.0 0.0 0.0 0.0 0.0 0.0 0.0
0.0 0.0 0.0 0.0 0.0 0.0 0.0 0.0 0.0 0.0 0.0 0.0 0.0 0.0 0.0 0.0 0.0 0.0 0.0 0.0 0.0 0.0 0.0 0.0 0.0 0.0 0.0 0.0 0.0 0.0
0.0 0.0 0.0 0.0 0.0 0.0 0.0 0.0 0.0 0.0 0.0 0.0 0.0 0.0 0.0 0.0 0.0 0.0 0.0 0.0 0.0 0.0 0.0 0.0 0.0 0.0 0.0 0.0 0.0 0.0
0.0 0.0 0.0 0.0 0.0 0.0 0.0 0.0 0.0 0.0 0.0 0.0 0.0 0.0 0.0 0.0 0.0 0.0 0.0 0.0 0.0 0.0 0.0 0.0 0.0 0.0 0.0 0.0 0.0 0.0
0.0 0.0 0.0 0.0 0.0 0.0 0.0 0.0 0.0 0.0 0.0 0.0 0.0 0.0 0.0 0.0 0.0 0.0 0.0 0.0 0.0 0.0 0.0 0.0 0.0 0.0 0.0 0.0 0.0 0.0
0.0 0.0 0.0 0.0 0.0 0.0 0.0 0.0 0.0 0.0 0.0 0.0 0.0 0.0 0.0 0.13088791 0.021172946 0.0 0.0 0.0 0.0 0.0 0.0 0.0 0.0 0.0 0.0 0.0 0.0 0.0
0.0 0.0 0.0 0.0 0.100022435 0.070118375 0.0 0.0 0.0 0.0 0.0 0.0 0.0 0.0 0.11363352 0.095966145 0.1650539 0.0 0.0 0.0 0.0 0.0 0.0 0.0 0.0 0.0 0.0 0.0 0.0 0.0
0.0 0.0 0.0 0.0 0.0 0.0 0.13961852 0.22719789 0.2725002 0.108958974 0.03822175 0.0 0.0 0.0 0.0 0.0064617447 0.1446371 0.12456359 0.0 0.0 0.0 0.0 0.0 0.0 0.0 0.0 0.0 0.0 0.0 0.0
0.0 0.0 0.0 0.0 0.0 0.0 0.0 0.083592184 0.3201395 0.53750736 0.3035037 0.11370244 0.10476569 0.03361581 0.100434475 0.10847777 0.15804183 0.18519568 0.065169476 0.0 0.0 0.0 0.0 0.0 0.0 0.0 0.0 0.0 0.0 0.0
0.0 0.0 0.0 0.0 0.0 0.0 0.0 0.0 0.23977804 0.4431907 0.37410325 0.33952504 0.26404458 0.22788553 0.18615763 0.13728108 0.18058987 0.2016254 0.15377954 0.0 0.0 0.0 0.0 0.0 0.0 0.0 0.0 0.0 0.0 0.0
0.0 0.0 0.0 0.0 0.0 0.0 0.0 0.0 0.28013065 0.24080954 0.44504672 0.43645376 0.40517536 0.39314502 0.2764873 0.26947528 0.25215226 0.18155201 0.11157126 0.102428146 0.0 0.0 0.0 0.0 0.0 0.0 0.0 0.0 0.0 0.0
0.0 0.0 0.0 0.0 0.0 0.0 0.0 0.0 0.22245473 0.32997003 0.4553582 0.45013374 0.46635717 0.46635717 0.44050974 0.43033543 0.40015715 0.28019935 0.22926025 0.17763364 0.0 0.0 0.0 0.0 0.0 0.0 0.0 0.0 0.0 0.0
0.0 0.0 0.0 0.0 0.0 0.0 0.0 0.0 0.23799089 0.39465785 0.46635717 0.46635717 0.46635717 0.46635717 0.46635717 0.46635717 0.46635717 0.38688964 0.3335445 0.19289519 0.052382797 0.0 0.0 0.0 0.0 0.0 0.0 0.0 0.0 0.0
0.0 0.0 0.0 0.0 0.0 0.0 0.0 0.0 0.16910946 0.38180244 0.46635717 0.46635717 0.46635717 0.46635717 0.46635717 0.46635717 0.46635717 0.43301672 0.3438559 0.19756965 0.048533008 0.0 0.0 0.0 0.0 0.0 0.0 0.0 0.0 0.0
0.0 0.0 0.0 0.0 0.0 0.0 0.0 0.01842343 0.104490705 0.35629892 0.46635717 0.46635717 0.46635717 0.46635717 0.46635717 0.46635717 0.46635717 0.4629888 0.39039522 0.260745 0.109577514 0.06173223 0.0 0.0 0.0 0.0 0.0 0.0 0.0 0.0
0.0 0.0 0.0 0.0 0.0 0.0 0.10724063 0.2865239 0.32392 0.41060597 0.4495837 0.46635717 0.46635717 0.46635717 0.46635717 0.46635717 0.46635717 0.46635717 0.4457342 0.34660572 0.25840756 0.1682846 0.065443784 0.0 0.0 0.0 0.0 0.0 0.0 0.0
0.0 0.07493057 0.0037806774 0.08476146 0.06819378 0.17213444 0.23936526 0.28480485 0.32172048 0.38207754 0.43480396 0.46635717 0.46635717 0.46635717 0.46635717 0.46635717 0.46635717 0.46635717 0.46635717 0.4390661 0.31409 0.18787614 0.1860205 0.13068122 0.0 0.0 0.0 0.0 0.0 0.0
0.06606252 0.19983792 0.20533757 0.18746404 0.18897626 0.19461332 0.22114876 0.27222505 0.33285698 0.39486402 0.4400286 0.46635717 0.46635717 0.46635717 0.46635717 0.46635717 0.46635717 0.46635717 0.46635717 0.46635717 0.33911264 0.25015822 0.15068623 0.14360553 0.0 0.0 0.0 0.0 0.0 0.0
0.0 0.10469684 0.3354008 0.45556447 0.47123817 0.3978887 0.3428246 0.2938793 0.31835222 0.3646165 0.39940086 0.45137113 0.4621638 0.46635717 0.46635717 0.46635717 0.46635717 0.46635717 0.46635717 0.46635717 0.3974076 0.30707833 0.1874644 0.09019186 0.0 0.0 0.0 0.0 0.0 0.0
0.0 0.0 0.0 0.12635106 0.28377408 0.40586278 0.44484034 0.4455966 0.43610996 0.4429156 0.44105977 0.44105935 0.4165181 0.41988686 0.42930436 0.4362474 0.44896513 0.4621638 0.46635717 0.46635717 0.44160956 0.37004745 0.2004566 0.06276297 0.035196953 0.0 0.0 0.0 0.0 0.0
0.0 0.0 0.0 0.0 0.0 0.0 0.0 0.13006307 0.2627384 0.36097324 0.42133006 0.41686156 0.44717768 0.43927187 0.4307484 0.44160953 0.42270482 0.4276547 0.43198565 0.4188555 0.43006045 0.37671524 0.2632194 0.17323413 0.134669 0.0 0.0 0.0 0.0 0.0
0.0 0.0 0.0 0.0 0.0 0.0 0.0 0.0 0.0 0.100709565 0.20891203 0.25991997 0.29401702 0.3416561 0.39850733 0.436591 0.4243552 0.47440022 0.46752602 0.45013368 0.45515224 0.35643598 0.2887236 0.23689106 0.16642836 0.072455764 0.0 0.0 0.0 0.0
0.0 0.0 0.0 0.0 0.0 0.0 0.0 0.0 0.0 0.048602015 0.11542091 0.15776691 0.16209778 0.18285829 0.20327535 0.17261559 0.26583183 0.2704378 0.32412633 0.38180253 0.43150428 0.45061493 0.4418843 0.40105072 0.36496034 0.30694062 0.032584343 0.0 0.0 0.0
0.0 0.0 0.06757513 0.11026492 0.14023699 0.15171748 0.12806956 0.12037025 0.12724428 0.15866026 0.17667156 0.20073168 0.20320651 0.19097 0.13459992 0.11225874 0.08984817 0.036640313 0.00818056 0.0 0.0 0.0 0.037052765 0.11033369 0.2232796 0.21970522 0.097409576 0.0 0.0 0.0
0.0 0.0 0.052795235 0.12751955 0.18265218 0.19440699 0.1843021 0.1866391 0.1781835 0.19488858 0.20306912 0.20911828 0.20513138 0.19248216 0.17584626 0.17405887 0.08922934 0.06338189 0.0 0.0 0.0 0.0 0.0 0.0 0.0 0.0 0.0 0.0 0.0 0.0
0.0 0.0 0.095622465 0.1871891 0.20843102 0.23448493 0.22025478 0.20052549 0.17894006 0.18732679 0.1950948 0.2117995 0.2091873 0.2130365 0.21702373 0.20410009 0.16512248 0.12813838 0.041177467 0.0 0.0 0.0 0.0 0.0 0.0 0.0 0.0 0.0 0.0 0.0
0.0 0.0 0.08826695 0.24280271 0.28879225 0.25882 0.21853629 0.20121257 0.1821709 0.17564014 0.1853334 0.20423771 0.21207476 0.221149 0.22266096 0.21839881 0.1923448 0.14848652 0.07802405 0.0 0.0 0.0 0.0 0.0 0.0 0.0 0.0 0.0 0.0 0.0
0.0 0.0 0.0 0.111089975 0.26528206 0.3063908 0.27703708 0.21317425 0.1845769 0.17103462 0.18629548 0.20575003 0.20547496 0.20375645 0.2043753 0.19880718 0.1904201 0.14993007 0.10036583 0.01966059 0.0 0.0 0.0 0.0 0.0 0.0 0.0 0.0 0.0 0.0

-- Channel 2 --
0.042139824 0.0 0.0 0.00013762107 0.03540302 0.0041246647 0.0 0.0 0.0 0.038221575 0.098922215 0.098647386 0.10194701 0.16697854 0.16656606 0.10689653 0.10380288 0.15996651 0.25139573 0.28281152 0.08208013 0.0562324 0.23998424 0.2875549 0.22864178 0.22575448 0.2586138 0.25524518 0.26170734 0.26438808
0.008661668 0.0 0.0 0.0114116585 0.025297662 0.025091669 0.031209713 0.041864965 0.006393317 0.05148903 0.15426084 0.115970574 0.074861854 0.14889896 0.18210208 0.12676342 0.14023705 0.21619898 0.27978712 0.42091778 0.3087966 0.12208884 0.22183605 0.34083143 0.31271505 0.26961285 0.2892047 0.30391604 0.30955288 0.30157858
0.0 0.0 0.0 0.0 0.0 0.0 0.00068730453 0.046195675 0.1168644 0.0 0.0 0.0 0.042071123 0.08421102 0.12153886 0.09184159 0.13054438 0.17804606 0.20396249 0.3255016 0.372591 0.26947525 0.27738076 0.36874112 0.38585836 0.39280155 0.41301197 0.41796163 0.41108742 0.37822804
0.0 0.0 0.0 0.0 0.0 0.0 0.0 0.3692911 1.1267781 0.0 0.0 0.0 0.04619567 0.024610236 0.08324866 0.06516908 0.07472442 0.094591424 0.08751069 0.13150679 0.20107542 0.19729458 0.1867768 0.22547935 0.30199108 0.36791638 0.39149526 0.4315042 0.5271268 0.55544907
0.012580118 0.0 0.0 0.0 0.0 0.077955484 0.0 1.2190318 3.853222 0.0 0.0 0.0 0.0 0.023235336 0.20100656 0.21874243 0.0 0.0 0.0 0.069843695 0.069843695 0.069843695 0.07534318 0.08806078 0.13068174 0.18038343 0.21296792 0.26507565 0.3838648 0.4679384
0.009211696 0.0 0.0 0.26583207 0.1387934 0.0 0.0 2.1469345 7.301887 2.213341 0.0 0.0 0.0 0.42751712 1.211539 0.17653382 0.0 0.0 0.0 0.0 0.069843695 0.069843695 0.069843695 0.069843695 0.069843695 0.069843695 0.069843695 0.07534318 0.14360563 0.22080474
0.0 0.0 0.0 1.1359899 1.6152021 0.0 0.0 0.004193403 7.441298 4.508624 0.0 0.0 0.0 1.4499421 3.7086542 1.6352065 0.0 0.0 0.0 0.0 0.0 0.069843695 0.069843695 0.069843695 0.069843695 0.069843695 0.069843695 0.069843695 0.069843695 0.069843695
0.0 0.0 0.0 1.9302546 4.1924725 1.3022119 0.0 0.0 4.2048454 4.413964 0.0 0.0 0.0 2.4740171 6.70636 3.5353513 0.0 0.0 0.0 0.0 0.0 0.069843695 0.069843695 0.069843695 0.069843695 0.069843695 0.069843695 0.069843695 0.069843695 0.069843695
0.0 0.0 0.0 1.4876134 4.3984976 4.705713 1.9925361 0.0 2.3223681 2.5929432 0.0 0.0 0.0 0.72717094 5.02489 2.4296777 0.0 0.0 0.0 0.0 0.0 0.0 0.069843695 0.069843695 0.069843695 0.069843695 0.069843695 0.069843695 0.069843695 0.069843695
0.0 0.0 0.0 0.14064945 1.3286093 3.6406665 5.1821747 4.8404503 4.4978323 2.3375607 0.0 0.0 0.0 0.0 2.192237 1.0581031 0.0 0.0 0.0 0.0 0.0 0.0 0.069843695 0.069843695 0.069843695 0.069843695 0.069843695 0.069843695 0.069843695 0.069843695
0.0 0.0 0.0 0.0 0.0 0.73418266 3.0390902 6.246121 7.4316053 3.3310447 0.0 0.0 0.0 0.0 0.0 0.0 0.266038 0.05788213 0.0 0.0 0.0 0.0 0.0 0.069843695 0.069843695 0.069843695 0.069843695 0.069843695 0.069843695 0.069843695
0.0 0.0 0.0 0.0 0.0 0.0032309736 0.5665168 4.617171 8.078415 3.8806505 0.0 0.0 0.0 0.0 0.0 0.0 0.0 0.0 0.0 0.0 0.0 0.0 0.0 0.0 0.069843695 0.069843695 0.069843695 0.069843695 0.069843695 0.069843695
0.0 0.0 0.0 0.0 0.0 0.0 0.29930994 5.0212455 7.8101783 2.975227 0.0 0.0 0.0 0.0 0.0 0.0 0.0 0.0 0.0 0.0 0.0 0.0 0.0 0.0 0.069843695 0.069843695 0.069843695 0.069843695 0.069843695 0.069843695
0.0 0.0 0.0 0.0 0.0 0.0 0.66873866 6.520615 7.6420307 1.9453777 0.0 0.0 0.0 0.0 0.0 0.0 0.0 0.0 0.0 0.0 0.0 0.0 0.0 0.0 0.06716268 0.069843695 0.069843695 0.069843695 0.069843695 0.069843695
0.0 0.0 0.0 0.10483421 0.29704154 0.116314374 0.44573408 5.567209 6.3821654 1.4257444 0.0 0.0 0.0 0.0 0.0 0.0 0.0 0.0 0.0 0.0 0.0 0.0 0.0 0.0 0.0 0.069843695 0.069843695 0.069843695 0.069843695 0.069843695
0.23379736 0.11865161 0.0 0.0 0.0 0.0 0.0 2.5456479 3.602651 0.75274354 0.0 0.0 0.0 0.0 0.0 0.0 0.0 0.0 0.0 0.0 0.0 0.0 0.0 0.0 0.0 0.0 0.069843695 0.069843695 0.069843695 0.069843695
1.3438706 1.1496009 0.0 0.0 0.0 0.1019469 0.0 0.9224715 1.465547 0.28487387 0.0 0.0 0.0 0.0 0.0 0.0 0.0 0.0 0.0 0.0 0.0 0.0 0.0 0.0 0.0 0.0 0.0 0.069843695 0.069843695 0.069843695
3.640185 3.7893584 0.0 0.0 0.25008965 0.74360067 0.66440797 0.5164714 0.41734317 0.13219391 0.0 0.0 0.0 0.0 0.0 0.0 0.0 0.0 0.0 0.0 0.0 0.0 0.0 0.0 0.0 0.0 0.0 0.069843695 0.069843695 0.069843695
5.898072 6.4399095 1.5453584 0.0 0.048670482 0.0 0.10765258 0.17983332 0.2724315 0.2425965 0.0 0.0 0.0 0.0 0.0 0.0 0.0 0.0 0.0 0.0 0.0 0.0 0.0 0.0 0.0 0.0 0.0 0.0 0.069843695 0.069843695
5.824516 6.786791 3.4599392 2.1624706 1.6237261 0.9060418 0.37334698 0.038290277 0.068125084 0.1242886 0.0 0.0 0.0 0.0 0.0 0.0 0.0 0.0 0.0 0.0 0.0 0.0 0.0 0.0 0.0 0.0 0.0 0.0 0.069843695 0.069843695
3.528683 4.9342847 4.0615153 4.107436 4.132871 3.571579 2.8131297 2.022371 1.3688245 0.8311115 0.42648578 0.1260759 0.0 0.0 0.0 0.0 0.0 0.0 0.0 0.0 0.0 0.0 0.0 0.0 0.0 0.0 0.0 0.0 0.0 0.069843695
0.7414007 1.3622249 1.8209519 2.7476168 3.5394754 3.9074605 3.92664 3.7158718 3.2299912 2.304495 1.4171515 0.8713951 0.57407856 0.40304425 0.20602484 0.060906842 0.0 0.0 0.0 0.0 0.0 0.0 0.0 0.0 0.0 0.0 0.0 0.0 0.0 0.069843695
0.0 0.0 0.0 0.0 0.0 0.8104882 1.6538358 2.4732609 2.9728901 2.6174164 1.7401779 1.1382582 1.0035892 1.0041391 0.8890622 0.6606955 0.66413295 0.71424717 0.48443675 0.41356212 0.2942917 0.0 0.0 0.0 0.0 0.0 0.0 0.0 0.0 0.0
0.7125285 0.32522646 0.0 0.0 0.0 0.0 0.0 0.0 0.9192408 1.3565882 0.81028205 0.36111072 0.49144885 0.67733157 0.6151186 0.4546023 0.8449975 1.2754018 1.2142887 1.3757675 1.6909577 1.4878883 1.3416706 1.3728803 0.90122986 0.0 0.0 0.0 0.0 0.0
1.8329818 1.9553459 1.2815888 0.0 0.0 0.0 0.0 0.0 0.0 0.295254 0.0780241 0.0 0.0 0.0 0.0 0.0 0.0 0.34763685 0.47735628 0.65753347 1.3004935 1.8637103 2.365883 2.8480515 3.2023559 2.2719102 0.0 0.0 0.0 0.0
2.5369864 3.017849 2.2850404 0.783953 0.08977935 0.0 0.0 0.0 0.0 0.010586384 0.0 0.0 0.0 0.0 0.0 0.0 0.0 0.0 0.0 0.0 0.0 0.0 0.4716506 1.2706585 2.306901 2.404311 0.8825316 0.0 0.0 0.0
2.9975686 3.6427975 2.8328588 1.1685051 0.35863593 0.21668006 0.2027939 0.19853191 0.13899975 0.061319344 0.0 0.0 0.0 0.0 0.0 0.0 0.0 0.0 0.0 0.0 0.0 0.0 0.0 0.0 0.0 0.14986117 0.0 0.0 0.0 0.069843695
2.8985088 3.9649992 3.8492348 2.4912717 1.2052833 0.45370847 0.2158553 0.24383397 0.22719799 0.16134137 0.06338168 0.0 0.0 0.0 0.0 0.0 0.0 0.0 0.0 0.0 0.0 0.0 0.0 0.0 0.0 0.0 0.0 0.06716268 0.069843695 0.069843695
1.8032848 3.0320785 4.0223308 3.8994176 3.0142047 1.8595171 0.89277434 0.39548263 0.22190471 0.14422424 0.09314758 0.03952764 0.0 0.0 0.0 0.0 0.0 0.0 0.0 0.0 0.0 0.0 0.0 0.0 0.0 0.0 0.0 0.0 0.069843695 0.069843695
0.6081069 1.3232476 2.5445478 3.569723 3.9863095 3.5614731 2.6242223 1.6655226 0.8904371 0.40641266 0.19440728 0.095141195 0.02962865 0.0 0.0 0.0 0.0 0.0 0.0 0.0 0.0 0.0 0.0 0.0 0.0 0.0 0.0 0.0 0.034990653 0.069843695

-- Channel 3 --
0.0 0.0 0.0 0.0 0.0 0.0 0.0 0.0 0.0 0.0 0.0 0.0 0.0 0.0 0.0 0.0 0.0 0.0 0.0 0.0 0.0 0.0 0.0 0.0 0.0 0.0 0.0 0.0 0.0 0.0
0.0 0.0 0.0 0.0 0.0 0.0 0.0 0.0 0.0 0.0 0.0 0.0 0.0 0.0 0.0 0.0 0.0 0.0 0.0 0.0 0.0 0.0 0.0 0.0 0.0 0.0 0.0 0.0 0.0 0.0
0.0 0.0 0.0 0.0 0.0 0.0 0.0 0.0 0.0 0.0 0.0 0.0 0.0 0.0 0.0 0.0 0.0 0.0 0.0 0.0 0.0 0.0 0.0 0.0 0.0 0.0 0.0 0.0 0.0 0.0
0.0 0.0 0.0 0.0 0.0 0.0 0.0 0.0 0.0 0.0 0.0 0.0 0.0 0.0 0.0 0.0 0.0 0.0 0.0 0.0 0.0 0.0 0.0 0.0 0.0 0.0 0.0 0.0 0.0 0.0
0.0 0.0 0.0 0.0 0.0 0.0 0.0 0.0 0.0 0.0 0.0 0.0 0.0 0.0 0.0 0.0 0.0 0.0 0.0 0.0 0.0 0.0 0.0 0.0 0.0 0.0 0.0 0.0 0.0 0.0
0.0 0.0 0.0 0.0 0.0 0.0 0.0 0.0 0.0 0.30515328 0.34309983 0.0 0.0 0.0 0.0 0.0 0.0 0.0 0.0 0.0 0.0 0.0 0.0 0.0 0.0 0.0 0.0 0.0 0.0 0.0
0.0 0.0 0.0 0.0 0.0 0.0 0.0 0.0 0.0 0.559505 1.0488913 0.0 0.0 0.0 0.0 0.0 0.0 0.0 0.0 0.0 0.0 0.0 0.0 0.0 0.0 0.0 0.0 0.0 0.0 0.0
0.0 0.0 0.0 0.0 0.0 0.0 0.0 0.0 0.0 0.39073917 1.1789545 0.0803614 0.0 0.0 0.0 0.26026368 0.6782253 0.68798697 0.15811057 0.0 0.0 0.0 0.0 0.0 0.0 0.0 0.0 0.0 0.0 0.0
0.0 0.0 0.0 0.0 0.0 0.06152565 0.4212613 0.0 0.0 0.25008956 1.1269155 0.5499496 0.0 0.0 0.0 0.605632 1.0734329 0.92810875 0.7508187 0.0 0.0 0.0 0.0 0.0 0.0 0.0 0.0 0.0 0.0 0.0
0.0 0.0 0.0 0.0 0.0 0.0 0.0 0.5820529 0.65155286 0.900405 1.1507008 0.8327612 0.0 0.0 0.0 0.5967641 0.999121 0.9356018 0.85695904 0.4579706 0.0 0.0 0.0 0.0 0.0 0.0 0.0 0.0 0.0 0.0
0.0 0.0 0.0 0.0 0.0 0.0 0.0 0.0 0.5292577 1.5269351 1.3116986 1.107461 0.84018546 0.4581768 0.6262551 0.8292553 0.9538876 1.031568 0.95491886 0.7808597 0.0 0.0 0.0 0.0 0.0 0.0 0.0 0.0 0.0 0.0
0.0 0.0 0.0 0.0 0.0 0.0 0.0 0.0 0.0 1.0067515 1.4218948 1.3770739 1.2476982 1.0753577 1.0364487 0.8690579 0.8542781 1.0620215 0.9833786 0.75679946 0.40421298 0.0 0.0 0.0 0.0 0.0 0.0 0.0 0.0 0.0
0.0 0.0 0.0 0.0 0.0 0.0 0.0 0.0 0.0 0.7919274 1.4788146 1.4938008 1.4605975 1.3776238 1.2929316 1.1359897 1.0016644 1.137777 1.0097761 0.84520376 0.7549433 0.36303547 0.0 0.0 0.0 0.0 0.0 0.0 0.0 0.0
0.0 0.0 0.0 0.0 0.0 0.0 0.0 0.0 0.0 1.1493948 1.4928383 1.4917383 1.5046622 1.5046622 1.495038 1.4582602 1.4199699 1.4126831 1.1781982 1.0299182 1.0710957 1.0618153 0.0 0.0 0.0 0.0 0.0 0.0 0.0 0.0
0.0 0.0 0.0 0.0 0.0 0.0 0.0 0.0 0.12923814 1.2817264 1.5046622 1.5046622 1.5046622 1.5046622 1.5046622 1.5046622 1.5046622 1.4888511 1.3927474 1.2776017 1.1789545 0.97114223 0.352724 0.0 0.0 0.0 0.0 0.0 0.0 0.0
0.0 0.0 0.0 0.0 0.0 0.0 0.0 0.0 0.1242886 1.2626156 1.5046622 1.5046622 1.5046622 1.5046622 1.5046622 1.5046622 1.5046622 1.4942131 1.4542042 1.3381648 1.0950872 0.78608423 0.5740099 0.0 0.0 0.0 0.0 0.0 0.0 0.0
0.0 0.0 0.0 0.0 0.0 0.0 0.0 0.0 0.55132455 1.3178169 1.5046622 1.5046622 1.5046622 1.5046622 1.5046622 1.5046622 1.5046622 1.5036311 1.4823892 1.3886228 1.1304213 0.8739387 0.7508874 0.19447595 0.0 0.0 0.0 0.0 0.0 0.0
0.0 0.0 0.0 0.0 0.0 0.36324167 0.87985057 1.2125014 1.355832 1.4936631 1.5005375 1.5046622 1.5046622 1.5046622 1.5046622 1.5046622 1.5046622 1.5046622 1.4979941 1.4535856 1.354732 1.1013429 0.9608995 0.7959145 0.27359992 0.0 0.0 0.0 0.0 0.0
0.0 0.0 0.83784825 1.0475854 1.0495788 1.1635559 1.2129139 1.318023 1.3735679 1.4644471 1.4971004 1.5046622 1.5046622 1.5046622 1.5046622 1.5046622 1.5046622 1.5046622 1.5046622 1.4949006 1.4680218 1.2267313 0.9894968 0.90975416 0.91470367 0.18691413 0.0 0.0 0.0 0.0
0.0 0.29731652 1.2108517 1.3022119 1.2413051 1.2149762 1.2256315 1.2872258 1.3229038 1.413508 1.4877512 1.5046622 1.5046622 1.5046622 1.5046622 1.5046622 1.5046622 1.5046622 1.5046622 1.5046622 1.4780585 1.3135546 1.0617466 0.89359945 0.79392105 0.7968771 0.0 0.0 0.0 0.0
0.0 0.0 0.91731596 1.2483855 1.4066337 1.4766834 1.4797081 1.4260881 1.4090396 1.4362621 1.4713215 1.5125676 1.503631 1.5046622 1.5046622 1.5046622 1.5046622 1.5046622 1.5046622 1.5046622 1.4883012 1.4150891 1.2625468 1.012526 0.75693697 0.8294615 0.0 0.0 0.0 0.0
0.0 0.0 0.0 0.0 0.35052413 0.83956677 1.1845914 1.3789986 1.4720775 1.5295473 1.5255601 1.5372465 1.5129113 1.5052121 1.5058308 1.4995062 1.5018437 1.503631 1.5046622 1.5046622 1.4982003 1.4852077 1.3600254 1.12066 0.829874 0.74188197 0.3452996 0.0 0.0 0.0
0.0 0.0 0.0 0.0 0.0 0.0 0.0 0.05795094 0.543144 1.0006332 1.292794 1.4159139 1.5025997 1.5180671 1.5346344 1.5561512 1.5136676 1.5276225 1.524254 1.493938 1.5034248 1.5046622 1.3987281 1.2763643 1.1295965 0.9342957 0.64440346 0.0 0.0 0.0
0.0 0.0 0.0 0.0 0.0 0.0 0.0 0.0 0.0 0.22080478 0.7124597 0.92694014 1.0541159 1.1964842 1.3596128 1.4725587 1.4535855 1.5353217 1.5837173 1.5603445 1.593754 1.5788366 1.4833516 1.3981093 1.3733616 1.32531 0.9574622 0.10641527 0.0 0.0
0.0 0.0 0.0 0.0 0.0 0.0 0.0 0.0 0.0030934387 0.2809555 0.59614533 0.7465566 0.76236755 0.794196 0.8833565 0.88383776 0.9105791 0.9310647 1.1292528 1.2180696 1.3341777 1.474621 1.5281724 1.5254915 1.5208855 1.6155456 1.3996217 0.6729322 0.0 0.0
0.0 0.0 0.2326287 0.6347106 0.7661485 0.772473 0.7471753 0.73493886 0.7331516 0.77199185 0.86012125 0.9125726 0.8998551 0.8823254 0.8525593 0.7200902 0.57634723 0.38764572 0.3504554 0.25723892 0.11425203 0.0921853 0.18808283 0.35519868 0.5483687 0.81825614 0.8478161 0.32185802 0.0 0.0
0.0 0.0 0.36612895 0.7411259 0.8570965 0.8966928 0.92192185 0.9485943 0.96743006 0.98715955 0.99561507 0.9822789 0.95416266 0.9187596 0.88899356 0.83344865 0.7211903 0.54671866 0.34866807 0.15494832 0.0 0.0 0.0 0.0 0.0 0.0 0.0 0.0 0.0 0.0
0.0 0.0 0.37238464 0.76903576 0.86245847 0.9010237 0.92735255 0.970661 1.0062016 1.0300556 1.0292307 1.0300556 1.0095013 0.98186636 0.98200387 1.003452 0.9679801 0.8267118 0.57696587 0.31367752 0.0068056183 0.0 0.0 0.0 0.0 0.0 0.0 0.0 0.0 0.0
0.0 0.0 0.0 0.5526306 0.84527254 0.9309958 0.9357393 0.95746225 0.9874345 1.0116323 1.0172694 1.027581 1.0344553 1.0396798 1.0512974 1.0655273 1.0364488 0.9373891 0.7144533 0.41418082 0.104902886 0.0 0.0 0.0 0.0 0.0 0.0 0.0 0.0 0.0
0.0 0.0 0.0 0.0 0.4112247 0.80327016 0.9586309 0.9780167 0.9941713 1.0044142 1.0174756 1.0378925 1.0488228 1.05281 1.043392 1.0284058 1.014657 0.95636237 0.78587794 0.50134784 0.21833 0.0 0.0 0.0 0.0 0.0 0.0 0.0 0.0 0.0

-- Channel 4 --
1.4930441 1.556701 1.5930663 1.5982909 1.6037219 1.6431807 1.6709533 1.6732904 1.6852517 1.6802334 1.670678 1.7013377 1.7174923 1.6900636 1.693501 1.7251917 1.7348847 1.7043624 1.6441429 1.5860544 1.6351374 1.6579604 1.5923101 1.5615131 1.5584198 1.5454274 1.5067934 1.4786079 1.4361933 1.396253
1.550652 1.6243446 1.6593353 1.6561044 1.6827081 1.7201047 1.7301415 1.7405216 1.7925607 1.8046594 1.7553704 1.7671255 1.7981287 1.7878175 1.7852051 1.8294072 1.8369691 1.8018411 1.7783307 1.7130245 1.7363971 1.782249 1.7185236 1.6475115 1.6351376 1.6237946 1.5801426 1.5314722 1.4839016 1.4445113
1.613621 1.6697155 1.6950134 1.7001005 1.7315849 1.7457463 1.7593573 1.737222 1.5811737 1.6731527 1.8748468 1.8746405 1.8684535 1.8727844 1.8740219 1.9088749 1.9082559 1.8855021 1.8848147 1.8396498 1.8282385 1.8818588 1.8657728 1.8087157 1.7823868 1.7414153 1.677965 1.6222825 1.5620629 1.5068619
1.6522547 1.7142617 1.727804 1.7354347 1.7621071 1.7568827 1.8105716 1.3232473 0.0 0.31869584 2.164739 2.245513 1.9092185 1.9342414 1.9177428 1.9339664 1.9259232 1.9108685 1.9198053 1.9010383 1.8752594 1.8868084 1.8985636 1.8795215 1.85333 1.8279636 1.8138025 1.7920108 1.7161865 1.6349999
1.6809208 1.7417588 1.7682942 1.808784 1.8522989 1.812565 1.8766339 0.90006125 0.0 0.0 2.5537596 2.9043522 1.9641448 1.9380912 1.7063563 1.3809922 1.4029214 1.8935449 2.0471873 1.903238 1.903238 1.903238 1.901657 1.9003509 1.8855709 1.8681098 1.8599982 1.8513365 1.8088528 1.7783307
1.7188675 1.7823179 1.828651 1.4057399 1.0016642 1.6457242 2.1787624 0.53778213 0.0 0.0 2.9876697 3.7620676 2.1564898 1.3938471 0.0 0.0 0.0 1.2883945 2.491409 2.1109815 1.903238 1.903238 1.903238 1.903238 1.903238 1.903238 1.903238 1.901657 1.8673538 1.8369693
1.7429963 1.8270698 1.8937514 0.84059805 0.0 0.0 1.7388033 0.74745023 0.0 0.0 2.123287 4.171711 2.65 0.6809063 0.0 0.0 0.0 0.53640705 2.757997 2.6810727 1.9446216 1.903238 1.903238 1.903238 1.903238 1.903238 1.903238 1.903238 1.903238 1.903238
1.7579824 1.8520925 1.9220737 0.8676142 0.0 0.0 0.24239028 0.0 0.0 0.0 0.70125437 3.7777414 3.099722 0.0 0.0 0.0 0.0 0.11913282 2.6147351 3.3238955 2.2719793 1.903238 1.903238 1.903238 1.903238 1.903238 1.903238 1.903238 1.903238 1.903238
1.7719374 1.8848144 1.9302541 1.1473323 0.0 0.0 0.0 0.0 0.0 0.0 0.0 2.0425816 1.7880236 0.0 0.0 0.0 0.0 0.0 1.2655715 3.4716253 2.9350119 1.969782 1.903238 1.903238 1.903238 1.903238 1.903238 1.903238 1.903238 1.903238
1.7854112 1.8974632 1.9217302 1.796823 1.2751955 0.39335135 0.0 0.0 0.0 0.0 0.0 0.32557026 0.37238476 0.0 0.0 0.0 0.0 0.0 0.0 2.5387735 3.5282702 2.3658829 1.903238 1.903238 1.903238 1.903238 1.903238 1.903238 1.903238 1.903238
1.7946228 1.8877707 1.9002823 1.9184306 1.9421469 1.5413712 0.5272641 0.0 0.0 0.0 0.0 0.0 0.0 0.0 0.0 0.0 0.0 0.0 0.0 1.133996 2.8844168 2.8130605 2.1936114 1.903238 1.903238 1.903238 1.903238 1.903238 1.903238 1.903238
1.7966852 1.8646035 1.8865333 1.902963 1.9208363 1.912312 1.5863984 0.0 0.0 0.0 0.0 0.0 0.0 0.0 0.0 0.0 0.0 0.0 0.0 0.0 1.2021211 2.9544666 2.8301091 1.9997542 1.903238 1.903238 1.903238 1.903238 1.903238 1.903238
1.7677442 1.8329129 1.8525736 1.8590356 1.8547051 1.8717535 1.5622693 0.0 0.0 0.0 0.0 0.0 0.0 0.0 0.0 0.0 0.0 0.0 0.0 0.0 0.0 2.695578 3.645341 2.306076 1.903238 1.903238 1.903238 1.903238 1.903238 1.903238
1.740178 1.7753747 1.7918732 1.7788807 1.7882298 1.8483801 1.271071 0.0 0.0 0.0 0.0 0.0 0.0 0.0 0.0 0.0 0.0 0.0 0.0 0.0 0.0 1.8684537 4.0706577 2.9392745 1.9043379 1.903238 1.903238 1.903238 1.903238 1.903238
1.7370847 1.8168958 1.8263136 1.707731 1.3257908 0.86871433 0.19853185 0.0 0.0 0.0 0.0 0.0 0.0 0.0 0.0 0.0 0.0 0.0 0.0 0.0 0.0 0.39005187 2.9304752 3.4483216 2.1984923 1.903238 1.903238 1.903238 1.903238 1.903238
1.2717581 0.8511155 0.86582667 0.49646693 0.0 0.0 0.0 0.0 0.0 0.0 0.0 0.0 0.0 0.0 0.0 0.0 0.0 0.0 0.0 0.0 0.0 0.0 1.1361272 2.8090742 2.6121914 2.167764 1.903238 1.903238 1.903238 1.903238
0.013611099 0.0 0.0 0.0 0.0 0.0 0.0 0.0 0.0 0.0 0.0 0.0 0.0 0.0 0.0 0.0 0.0 0.0 0.0 0.0 0.0 0.0 0.0 1.2530601 2.5342367 2.758822 2.0585988 1.903238 1.903238 1.903238
0.0 0.0 0.0 0.0 0.0 0.0 0.0 0.0 0.0 0.0 0.0 0.0 0.0 0.0 0.0 0.0 0.0 0.0 0.0 0.0 0.0 0.0 0.0 0.0 1.8283075 3.3027909 2.5958304 1.903238 1.903238 1.903238
0.0 0.0 0.0 0.0 0.0 0.0 0.0 0.0 0.0 0.0 0.0 0.0 0.0 0.0 0.0 0.0 0.0 0.0 0.0 0.0 0.0 0.0 0.0 0.0 0.6839999 3.4698381 3.3626668 2.001679 1.903238 1.903238
0.0 0.0 0.0 0.0 0.0 0.0 0.0 0.0 0.0 0.0 0.0 0.0 0.0 0.0 0.0 0.0 0.0 0.0 0.0 0.0 0.0 0.0 0.0 0.0 0.0 2.5783012 3.957506 2.3281426 1.903238 1.903238
0.08091135 0.0 0.3529988 0.14381179 0.0 0.0 0.0 0.0 0.0 0.0 0.0 0.0 0.0 0.0 0.0 0.0 0.0 0.0 0.0 0.0 0.0 0.0 0.0 0.0 0.0 1.229 3.7522373 2.9795585 1.9475089 1.903238
1.1261593 0.932027 0.923984 0.6079693 0.2682379 0.0 0.0 0.0 0.0 0.0 0.0 0.0 0.0 0.0 0.0 0.0 0.0 0.0 0.0 0.0 0.0 0.0 0.0 0.0 0.0 0.07169967 3.0807493 3.5359697 2.1778002 1.903238
0.8661017 0.6901178 0.4399596 0.2740812 0.10455919 0.0 0.0 0.0 0.0 0.0 0.0 0.0 0.0 0.0 0.0 0.0 0.0 0.0 0.0 0.0 0.0 0.0 0.0 0.0 0.0 0.0 1.8954699 3.6966238 2.7453485 1.9285357
0.06888111 0.0 0.0 0.0 0.0 0.0 0.0 0.0 0.0 0.0 0.0 0.0 0.0 0.0 0.0 0.0 0.0 0.0 0.0 0.0 0.0 0.0 0.0 0.0 0.0 0.0 1.1524881 3.5258644 3.3341382 2.0324075
0.0 0.0 0.0 0.0 0.0 0.0 0.0 0.0 0.0 0.0 0.0 0.0 0.0 0.0 0.0 0.0 0.0 0.0 0.0 0.13796851 0.38578966 0.59875757 0.6399351 0.49502334 0.21757379 0.45577076 1.8325695 3.8024204 3.52992 2.0739973
0.0 0.0 0.0 0.0 0.0 0.0 0.0 0.0 0.0 0.0 0.0 0.0 0.0 0.0 0.0 0.0 0.0 0.0 0.041452505 0.55654895 0.8801255 1.0721267 1.2229505 1.3626376 1.2871569 1.4546854 2.2650363 3.2537076 2.990488 2.0917332
0.0 0.0 0.0 0.0 0.0 0.0 0.0 0.0 0.0 0.0 0.0 0.0 0.0 0.0 0.0 0.0 0.0 0.0 0.058638405 0.660077 1.155169 1.4611472 1.67659 1.8311946 1.8361443 1.9012446 2.1419165 2.2345142 2.0521367 1.903238
0.10888992 0.0 0.0 0.0 0.0 0.0 0.0 0.0 0.0 0.0 0.0 0.0 0.0 0.0 0.0 0.0 0.0 0.0 0.025503904 0.51131564 0.9570498 1.3470328 1.6719157 1.9873112 2.1705823 2.1247988 1.9866931 1.9043379 1.903238 1.903238
0.82471824 0.26218846 0.0 0.0 0.0 0.0 0.0 0.0 0.0 0.0 0.0 0.0 0.0 0.0 0.0 0.0 0.0 0.0 0.0 0.36626646 0.754187 1.1570252 1.5237727 1.855255 2.0924895 2.1727822 2.0713851 1.9218675 1.903238 1.903238
1.3162354 1.0281308 0.5104219 0.016154736 0.0 0.0 0.0 0.0 0.0 0.0 0.0 0.0 0.0 0.0 0.0 0.0 0.0 0.0 0.0 0.18725786 0.56204855 0.9952025 1.4103459 1.7728999 2.007316 2.1284423 2.0854087 1.9598138 1.9103873 1.903238

-- Channel 5 --
1.4037467 1.4482237 1.5309908 1.579524 1.6151332 1.6578918 1.7181802 1.8014976 1.8519559 1.884609 1.8731288 1.8478311 1.8278265 1.8060346 1.7716631 1.7360526 1.7333721 1.735641 1.7002374 1.6876583 1.7079376 1.6816775 1.6398813 1.5441216 1.5113991 1.4581913 1.4298003 1.4060149 1.3840859 1.3485452
1.5483145 1.600147 1.6804397 1.7414157 1.7737255 1.7972355 1.8286512 1.8629541 1.8751904 1.8812402 1.8949884 1.9253734 1.958989 1.9255797 1.8654288 1.8212955 1.7980605 1.7850677 1.7031938 1.6045463 1.5802801 1.6260632 1.6870395 1.6652472 1.6137589 1.5893551 1.595886 1.5758121 1.5324347 1.484039
1.6676533 1.757364 1.8613043 1.9533528 1.9908864 2.0161836 2.0260143 2.0534425 2.2397382 2.2985837 2.3136387 2.1527085 2.0852032 2.0720727 2.0304825 2.0196214 2.01749 2.025946 1.9895803 1.9075687 1.8218455 1.7838991 1.7783307 1.7504213 1.700582 1.6660035 1.6604354 1.6312194 1.6167146 1.5746435
1.7419659 1.8500311 1.9539026 2.047187 2.1062386 2.1343546 2.0959265 2.4620557 3.6330361 4.2646537 4.0153885 2.8448892 2.1804812 2.2140968 2.2448947 2.2676487 2.3034642 2.328005 2.3298616 2.3062823 2.2563057 2.2125845 2.1850188 2.150166 2.0762663 1.9818807 1.8889395 1.779981 1.6792715 1.5725121
1.8461814 1.9005574 1.9851117 2.034401 2.0561926 2.0449188 2.0260835 2.3109572 3.0639753 3.7488687 3.5689666 3.0694752 2.4529133 2.3485606 2.560085 2.9061403 3.2414713 3.1253638 2.8149862 2.4881785 2.4881785 2.4881785 2.4808915 2.4575875 2.4142792 2.3569467 2.2948024 2.2024114 2.0716605 1.9158181
1.9577518 1.9730822 1.997142 2.4171658 2.9018784 3.0119371 2.7416358 1.9103189 1.086563 1.1735923 1.7284914 2.7186072 2.7582035 2.819523 3.9751735 5.1462216 6.0104 5.255318 4.140571 2.963335 2.4881785 2.4881785 2.4881785 2.4881785 2.4881785 2.4881785 2.4881785 2.4808915 2.4372394 2.361483
2.0816278 2.0779846 2.089602 2.521863 3.550612 4.5289044 4.6261067 3.331801 0.99314034 0.0 0.8834255 2.238707 2.9882886 2.8608382 3.4628952 3.639773 3.5715785 3.812663 3.6468532 3.5253148 2.6082745 2.4881785 2.4881785 2.4881785 2.4881785 2.4881785 2.4881785 2.4881785 2.4881785 2.4881785
2.1531901 2.1819935 2.238364 1.5443276 0.75432515 1.2105081 2.8967218 4.1705427 2.5916378 0.45755807 0.402151 1.8789716 3.2286854 2.8859296 1.5663253 0.18787645 0.0 0.44050947 2.16797 3.2901425 3.1474993 2.4881785 2.4881785 2.4881785 2.4881785 2.4881785 2.4881785 2.4881785 2.4881785 2.4881785
2.13676 2.1788309 2.2778223 1.5051438 0.0 0.0 0.0 0.6872308 1.229756 0.23778474 0.0 1.8072028 4.3095427 4.6034904 2.1454906 0.0 0.0 0.0 1.2259747 2.5331366 3.4209616 2.6473897 2.4881785 2.4881785 2.4881785 2.4881785 2.4881785 2.4881785 2.4881785 2.4881785
2.1665266 2.203923 2.2837343 2.2189777 1.5721686 0.0 0.0 0.0 0.0 0.0 0.0 0.6961673 2.628072 3.0685132 1.1519381 0.0 0.0 0.0 0.032446805 1.7901545 3.0106993 3.2146618 2.4881785 2.4881785 2.4881785 2.4881785 2.4881785 2.4881785 2.4881785 2.4881785
2.2667546 2.3011951 2.3550217 2.397712 2.4501634 2.0863025 0.675888 0.0 0.0 0.0 0.0 0.0 0.0 0.0 0.0 0.0 0.0 0.0 0.0 0.9636493 2.5947309 3.7163534 3.1156018 2.4881785 2.4881785 2.4881785 2.4881785 2.4881785 2.4881785 2.4881785
2.3415477 2.380388 2.4190907 2.447619 2.4758048 2.4459012 2.2731483 1.8981514 0.42566082 0.0 0.0 0.0 0.0 0.0 0.0 0.0 0.0 0.0 0.0 0.030796645 2.182681 3.4193118 3.6674764 2.690148 2.4881785 2.4881785 2.4881785 2.4881785 2.4881785 2.4881785
2.3818312 2.436895 2.4821289 2.527775 2.5846264 2.5633154 2.67963 2.3853378 0.7891092 0.0 0.0 0.0 0.0 0.0 0.0 0.0 0.0 0.0 0.0 0.0 0.551187 1.8262451 2.809555 2.9494488 2.4881785 2.4881785 2.4881785 2.4881785 2.4881785 2.4881785
2.3660207 2.4331827 2.4956024 2.5548594 2.588819 2.5991995 2.5983741 1.6361688 0.0 0.0 0.0 0.0 0.0 0.0 0.0 0.0 0.0 0.0 0.0 0.0 0.0 0.3996069 1.7550954 2.9198885 2.4903095 2.4881785 2.4881785 2.4881785 2.4881785 2.4881785
2.3218875 2.3121257 2.3101318 2.3783262 2.7113204 3.3461683 3.678132 2.3932433 0.14999856 0.0 0.0 0.0 0.0 0.0 0.0 0.0 0.0 0.0 0.0 0.0 0.0 0.14518677 1.977756 3.2603762 3.1402812 2.4881785 2.4881785 2.4881785 2.4881785 2.4881785
2.7368934 3.253914 3.8337674 4.350514 4.8033977 5.4125357 5.4030485 3.3934639 0.6917675 0.0 0.0 0.0 0.0 0.0 0.0 0.0 0.0 0.0 0.0 0.0 0.0 0.0 2.0053222 3.4159431 4.016695 3.0819867 2.4881785 2.4881785 2.4881785 2.4881785
3.3073971 4.4871764 5.538818 5.6882668 4.907475 3.637916 2.3623774 0.6149118 0.0 0.0 0.0 0.0 0.0 0.0 0.0 0.0 0.0 0.0 0.0 0.0 0.0 0.0 0.2938792 2.3195498 3.7949271 3.943964 2.846952 2.4881785 2.4881785 2.4881785
2.6771548 2.7628777 2.558228 1.768638 0.8670643 0.0 0.0 0.0 0.0 0.0 0.0 0.0 0.0 0.0 0.0 0.0 0.0 0.0 0.0 0.0 0.0 0.0 0.0 0.12820695 2.1096754 3.132788 3.362942 2.4881785 2.4881785 2.4881785
1.1117232 0.0 0.0 0.0 0.0 0.0 0.0 0.0 0.0 0.0 0.0 0.0 0.0 0.0 0.0 0.0 0.0 0.0 0.0 0.0 0.0 0.0 0.0 0.0 0.44669697 1.7658882 3.0225232 2.7075398 2.4881785 2.4881785
0.0 0.0 0.0 0.0 0.0 0.0 0.0 0.0 0.0 0.0 0.0 0.0 0.0 0.0 0.0 0.0 0.0 0.0 0.0 0.0 0.0 0.0 0.0 0.0 0.0 1.1609436 2.4142787 2.9950943 2.4881785 2.4881785
0.43521613 0.0 0.0 0.0 0.0 0.0 0.0 0.0 0.0 0.0 0.0 0.0 0.0 0.0 0.0 0.0 0.0 0.0 0.0 0.0 0.0 0.0 0.0 0.0 0.0 1.1638991 2.1069944 3.1403499 2.600781 2.4881785
2.1659079 1.4904319 0.4536394 0.0 0.0 0.0 0.0 0.0 0.0 0.0 0.0 0.0 0.0 0.0 0.0 0.0 0.0 0.0 0.0 0.0 0.0 0.0 0.0 0.0 0.0 0.74036956 1.9063314 2.8536198 2.97619 2.4881785
3.1460555 3.5953646 3.9421763 3.883675 3.3238273 2.3245683 1.130009 0.0 0.0 0.0 0.0 0.0 0.0 0.0 0.0 0.0 0.0 0.0 0.0 0.0 0.0 0.0 0.0 0.0 0.0 0.0 1.6393998 2.6726177 3.315028 2.5605662
2.7928505 3.2320545 3.7466004 4.0995994 4.1280584 3.8937123 3.4130561 2.5792634 1.3769364 0.10957763 0.0 0.0 0.0 0.0 0.0 0.0 0.0 0.0 0.0 0.0 0.0 0.0 0.0 0.0 0.0 0.0 0.0 1.3565196 2.4780042 2.6777737
1.8190273 1.5244603 1.2269374 1.0552157 1.0383734 1.1469885 1.176961 1.0051701 0.5602611 0.0 0.0 0.0 0.0 0.0 0.0 0.0 0.0 0.0 0.0 0.0 0.0 0.0 0.0 0.0 0.0 0.0 0.0 0.0 0.5200467 2.275073
1.1384645 0.41658685 0.0 0.0 0.0 0.0 0.0 0.0 0.0 0.0 0.0 0.0 0.0 0.0 0.0 0.0 0.0 0.0 0.0 0.0 0.0 0.0 0.0 0.0 0.0 0.0 0.0 0.0 1.015207 2.27741
0.34571213 0.0 0.0 0.0 0.0 0.0 0.0 0.0 0.0 0.0 0.0 0.0 0.0 0.0 0.0 0.0 0.0 0.0 0.0 0.32639503 0.85874635 1.4232696 1.8352507 2.0111659 1.8361443 1.5877047 1.5904547 1.9468902 2.323331 2.4881785
0.08929811 0.0 0.0 0.0 0.0 0.0 0.0 0.0 0.0 0.0 0.0 0.0 0.0 0.0 0.0 0.0 0.0 0.0 0.0 0.0 0.5367508 1.1080798 1.6373377 2.1231496 2.4704425 2.5794008 2.5604284 2.4903095 2.4881785 2.4881785
1.006064 0.0 0.0 0.0 0.0 0.0 0.0 0.0 0.0 0.0 0.0 0.0 0.0 0.0 0.0 0.0 0.0 0.0 0.0 0.0 0.38379607 0.9647491 1.4647907 1.905713 2.26593 2.5195942 2.5805006 2.5480547 2.4881785 2.4881785
2.0015419 1.3290218 0.18746422 0.0 0.0 0.0 0.0 0.0 0.0 0.0 0.0 0.0 0.0 0.0 0.0 0.0 0.0 0.0 0.0 0.0 0.16120392 0.7097787 1.2155263 1.7073876 2.1327047 2.496909 2.640996 2.6258721 2.5293565 2.4881785

-- Channel 6 --
0.0 0.0 0.0 0.0 0.0 0.0 0.0 0.0 0.0 0.0 0.0 0.0 0.0 0.0 0.0 0.0 0.0 0.0 0.0 0.0 0.0 0.0 0.0 0.0 0.0 0.0 0.0 0.0 0.0 0.0
0.0 0.0 0.0 0.0 0.0 0.0 0.0 0.0 0.0 0.0 0.0 0.0 0.0 0.0 0.0 0.0 0.0 0.0 0.0 0.0 0.0 0.0 0.0 0.0 0.0 0.0 0.0 0.0 0.0 0.0
0.0 0.0 0.0 0.0 0.0 0.0 0.0 0.0 0.0 0.0 0.0 0.0 0.0 0.0 0.0 0.0 0.0 0.0 0.0 0.0 0.0 0.0 0.0 0.0 0.0 0.0 0.0 0.0 0.0 0.0
0.0 0.0 0.0 0.0 0.0 0.0 0.0 0.0 0.0 0.0 0.0 0.0 0.0 0.0 0.0 0.0 0.0 0.0 0.0 0.0 0.0 0.0 0.0 0.0 0.0 0.0 0.0 0.0 0.0 0.0
0.0 0.0 0.0 0.0 0.0 0.0 0.0 0.0 0.0 0.0 0.0 0.0 0.0 0.0 0.0 0.0 0.0 0.0 0.0 0.0 0.0 0.0 0.0 0.0 0.0 0.0 0.0 0.0 0.0 0.0
0.0 0.0 0.0 0.0 0.0 0.0 0.0 0.0 0.7625051 1.0973556 0.0 0.0 0.0 0.0 0.0 0.0 0.0 0.0 0.0 0.0 0.0 0.0 0.0 0.0 0.0 0.0 0.0 0.0 0.0 0.0
0.0 0.0 0.0 0.0 0.0 0.0 0.0 0.0 0.66798264 1.783624 0.0 0.0 0.0 0.0 0.0 0.0 0.0 0.0 0.0 0.0 0.0 0.0 0.0 0.0 0.0 0.0 0.0 0.0 0.0 0.0
0.0 0.0 0.0 0.0 0.0 0.23592833 0.0 0.0 0.0 1.4317937 0.13061309 0.0 0.0 0.0 0.7251773 1.2082391 0.7132846 0.11851418 0.0 0.0 0.0 0.0 0.0 0.0 0.0 0.0 0.0 0.0 0.0 0.0
0.0 0.0 0.0 0.0 0.0 0.7887651 0.8757259 0.33388817 0.3836586 1.0771451 0.61092526 0.0 0.0 0.0 0.3882644 1.1731113 0.92989606 0.7061354 0.0 0.0 0.0 0.0 0.0 0.0 0.0 0.0 0.0 0.0 0.0 0.0
0.0 0.0 0.0 0.0 0.0 0.0 0.6747192 1.3932287 1.8965698 1.7826616 0.9449511 0.0 0.0 0.0 0.37664667 0.9492817 0.9655739 0.9019862 0.31415877 0.0 0.0 0.0 0.0 0.0 0.0 0.0 0.0 0.0 0.0 0.0
0.0 0.0 0.0 0.0 0.0 0.0 0.0 0.7377574 2.130436 2.0812154 1.1623185 0.85977745 0.47460654 0.44174707 0.6547839 0.7550121 0.9721735 0.9690799 0.63278586 0.0 0.0 0.0 0.0 0.0 0.0 0.0 0.0 0.0 0.0 0.0
0.0 0.0 0.0 0.0 0.0 0.0 0.0 0.0 1.4872698 1.7645822 1.3226974 1.2355305 1.0961182 0.96179324 0.85695887 0.731158 0.850222 0.8214871 0.67148846 0.3797402 0.0 0.0 0.0 0.0 0.0 0.0 0.0 0.0 0.0 0.0
0.0 0.0 0.0 0.0 0.0 0.0 0.0 0.0 1.5195109 1.633763 1.3969407 1.3888289 1.3323904 1.2720333 1.1624559 1.0059953 1.0573466 0.99465245 0.7408509 0.6861997 0.16010416 0.0 0.0 0.0 0.0 0.0 0.0 0.0 0.0 0.0
0.0 0.0 0.0 0.0 0.0 0.0 0.0 0.18058968 1.9281232 1.6328691 1.4023714 1.405671 1.4078709 1.4078709 1.3836044 1.3570006 1.3545257 1.186035 0.9271464 0.9340209 0.81206924 0.0 0.0 0.0 0.0 0.0 0.0 0.0 0.0 0.0
0.0 0.0 0.0 0.0 0.0 0.0 0.0 0.0 1.7003068 1.5579385 1.4078709 1.4078709 1.4078709 1.4078709 1.4078709 1.4078709 1.4078709 1.3320465 1.1727678 1.0097075 0.8329675 0.19516344 0.0 0.0 0.0 0.0 0.0 0.0 0.0 0.0
0.0 0.0 0.0 0.0 0.0 0.0 0.0 0.0 1.0959121 1.3868352 1.4078709 1.4078709 1.4078709 1.4078709 1.4078709 1.4078709 1.4078709 1.386148 1.2765703 1.012801 0.7194714 0.4544646 0.0 0.0 0.0 0.0 0.0 0.0 0.0 0.0
0.0 0.0 0.0 0.0 0.0 0.0 0.0 0.51825875 1.2144262 1.4010652 1.4078709 1.4078709 1.4078709 1.4078709 1.4078709 1.4078709 1.4078709 1.4063585 1.3436643 1.1218972 0.77233547 0.6254302 0.26535073 0.0 0.0 0.0 0.0 0.0 0.0 0.0
0.0 0.46023902 0.0 0.0 0.38187107 0.85805887 1.1605997 1.3157547 1.4267068 1.4457488 1.4108956 1.4078709 1.4078709 1.4078709 1.4078709 1.4078709 1.4078709 1.4078709 1.3939847 1.2865384 1.0086763 0.75411826 0.6957548 0.19866927 0.0 0.0 0.0 0.0 0.0 0.0
0.26383832 1.6702657 1.3774862 1.1242343 1.1335839 1.1267779 1.1827356 1.2805578 1.3600943 1.430075 1.4154327 1.4078709 1.4078709 1.4078709 1.4078709 1.4078709 1.4078709 1.4078709 1.4078709 1.3792049 1.1918095 0.81365055 0.66007704 0.68427503 0.0 0.0 0.0 0.0 0.0 0.0
0.15941672 1.6660722 1.8660477 1.7947605 1.7006505 1.5270724 1.3866979 1.2882569 1.3003559 1.3778986 1.3996904 1.4078709 1.4078709 1.4078709 1.4078709 1.4078709 1.4078709 1.4078709 1.4078709 1.4078709 1.2828262 0.9944464 0.69362396 0.5676856 0.4165181 0.0 0.0 0.0 0.0 0.0
0.0 0.6313422 1.1692613 1.5235666 1.844256 1.9899237 1.9928108 1.8917578 1.7533767 1.6298444 1.5377276 1.4797081 1.408627 1.4078709 1.4078709 1.4078709 1.4078709 1.4078709 1.4078709 1.4078709 1.364906 1.2224004 0.9348457 0.60755676 0.45638955 0.0 0.0 0.0 0.0 0.0
0.0 0.0 0.0 0.0 0.5278142 1.0110824 1.4004465 1.6921949 1.8619919 1.8515428 1.695151 1.6182268 1.585986 1.5463895 1.4973752 1.4455423 1.4283564 1.408627 1.4078709 1.4078709 1.3980405 1.3248972 1.1265029 0.84458536 0.610169 0.0 0.0 0.0 0.0 0.0
0.0 0.0 0.0 0.0 0.0 0.0 0.0 0.35121158 0.9028797 1.2989123 1.3981783 1.4073899 1.469053 1.5316097 1.5790427 1.5481083 1.5539514 1.6182956 1.5520266 1.5355968 1.525354 1.40354 1.2535414 1.1150227 0.9430262 0.47474402 0.0 0.0 0.0 0.0
0.0 0.0 0.0 0.0 0.0 0.0 0.0 0.0 0.029147362 0.5632171 0.82829285 0.8975865 1.0073702 1.1317961 1.1982713 1.2021211 1.2957499 1.4515233 1.5012937 1.549208 1.7077997 1.756814 1.7131618 1.6847706 1.5960224 1.1642433 0.0 0.0 0.0 0.0
0.0 0.024266498 0.22946644 0.14614902 0.009417924 0.0 0.0 0.07554928 0.2729813 0.5382633 0.70063585 0.7161032 0.7319142 0.7660799 0.75054365 0.6631018 0.62735504 0.7150719 0.8238245 0.8328986 0.9657803 1.1548256 1.344833 1.5381403 1.7269793 1.6592664 0.9541626 0.0 0.0 0.0
0.0 0.5166089 0.86369586 0.86520827 0.81942487 0.80457634 0.789109 0.781272 0.7946774 0.83887935 0.87730724 0.8418354 0.81591904 0.8070512 0.7191966 0.49791068 0.26019493 0.09555379 0.003024677 0.0 0.0 0.0 0.0 0.020691821 0.32419524 0.59030193 0.35471743 0.0 0.0 0.0
0.08751071 0.73782605 1.1354398 1.0801009 0.93807656 0.93305826 0.96089935 0.995959 1.017544 1.004208 0.9789102 0.9294836 0.88954353 0.86761427 0.8169502 0.6995358 0.48546797 0.20994318 0.0 0.0 0.0 0.0 0.0 0.0 0.0 0.0 0.0 0.0 0.0 0.0
0.0 0.6099627 1.2015022 1.3530133 1.1843163 1.0154132 0.9536815 1.012801 1.0622277 1.0662148 1.0413984 0.99863964 0.95498747 0.9369767 0.9590435 0.9369767 0.77302295 0.48244324 0.15047999 0.0 0.0 0.0 0.0 0.0 0.0 0.0 0.0 0.0 0.0 0.0
0.0 0.0 0.64399093 1.1850724 1.4024402 1.3601629 1.1757236 1.0644276 1.0462103 1.049785 1.0432544 1.0271684 1.0011832 0.99829596 1.0120448 0.9985024 0.8967615 0.6448158 0.28136802 0.0 0.0 0.0 0.0 0.0 0.0 0.0 0.0 0.0 0.0 0.0
0.0 0.0 0.0 0.33381936 0.92914003 1.3198792 1.435781 1.3726054 1.2478355 1.13214 1.0755639 1.04896 1.0398173 1.029712 1.0000834 0.97512937 0.9173159 0.72332126 0.40180692 0.067368835 0.0 0.0 0.0 0.0 0.0 0.0 0.0 0.0 0.0 0.0

-- Channel 7 --
0.0 0.0 0.0 0.0 0.0 0.0 0.0 0.0 0.0 0.0 0.0 0.0 0.0 0.0 0.0 0.0 0.0 0.0 0.0 0.0 0.0 0.0 0.0 0.0 0.0 0.0 0.0 0.0 0.0 0.0
0.0 0.0 0.0 0.0 0.0 0.0 0.0 0.0 0.0 0.0 0.0 0.0 0.0 0.0 0.0 0.0 0.0 0.0 0.0 0.0 0.0 0.0 0.0 0.0 0.0 0.0 0.0 0.0 0.0 0.0
0.0 0.0 0.0 0.0 0.0 0.0 0.0 0.0 0.0 0.0 0.0 0.0 0.0 0.0 0.0 0.0 0.0 0.0 0.0 0.0 0.0 0.0 0.0 0.0 0.0 0.0 0.0 0.0 0.0 0.0
0.0 0.0 0.0 0.0 0.0 0.0 0.0 0.0 1.4605974 2.3442974 2.000373 0.13796854 0.0 0.0 0.0 0.0 0.0 0.0 0.0 0.0 0.0 0.0 0.0 0.0 0.0 0.0 0.0 0.0 0.0 0.0
0.0 0.0 0.0 0.0 0.0 0.0 0.0 0.0 2.235133 3.4293482 3.1889513 1.1786108 0.0 0.0 0.0 0.0 0.38675204 0.21427417 0.0 0.0 0.0 0.0 0.0 0.0 0.0 0.0 0.0 0.0 0.0 0.0
0.0 0.0 0.0 0.0 0.25593296 0.38393357 0.0 0.0 0.5683042 1.4438927 1.9567894 1.554295 0.0 0.0 1.626751 3.6446533 5.0657234 3.8666265 2.0221646 0.0 0.0 0.0 0.0 0.0 0.0 0.0 0.0 0.0 0.0 0.0
0.0 0.0 0.0 0.13776235 1.9079815 3.3073971 3.2582452 1.5510643 0.51997733 0.50079787 1.4979252 1.6918513 0.54197544 0.39204526 2.666981 4.386192 5.499496 4.6339436 3.1466055 1.2894258 0.0 0.0 0.0 0.0 0.0 0.0 0.0 0.0 0.0 0.0
0.0 0.0 0.0 0.0 0.0 0.9317521 3.137531 4.2588778 3.217824 1.454617 1.627576 1.8663225 1.5895605 0.9492131 1.3377526 1.3606441 1.3212543 2.02189 2.3230557 2.166389 0.31759602 0.0 0.0 0.0 0.0 0.0 0.0 0.0 0.0 0.0
0.0 0.0 0.0 0.0 0.0 0.0 0.0 1.4978566 3.2644317 2.3255305 1.630257 2.652063 4.287269 4.293112 2.660037 1.0820256 0.44937754 1.0697207 2.1167557 2.2067413 1.4754462 0.0 0.0 0.0 0.0 0.0 0.0 0.0 0.0 0.0
0.0 0.0 0.0 0.0 0.0 0.0 0.0 0.0 0.0 0.42799836 1.4398369 2.7958064 4.5740676 4.931741 2.9947507 1.0989369 0.478731 0.70393544 1.6574105 2.0218897 2.0842402 0.50107276 0.0 0.0 0.0 0.0 0.0 0.0 0.0 0.0
0.0 0.0 0.0 0.0 0.0 0.0 0.0 0.0 0.0 0.0 1.1698118 1.76032 2.2433136 2.4617121 1.6756967 0.9490755 0.6356043 0.67451304 0.9767105 1.9249611 2.4495442 2.1329794 0.19564469 0.0 0.0 0.0 0.0 0.0 0.0 0.0
0.0 0.0 0.0 0.0 0.0 0.0 0.0 0.017323406 0.5109032 0.84052944 0.91601 1.0493727 1.3592006 1.6303946 1.7077997 1.7649257 1.6792021 1.2766392 0.94508845 1.7484962 3.0326285 3.1449556 1.7764062 0.0 0.0 0.0 0.0 0.0 0.0 0.0
0.0 0.0 0.0 0.0 0.0 0.0 0.0 1.1974465 1.3517075 1.393366 0.72964555 0.7409885 0.8704329 1.0087451 1.3167856 1.6046842 1.6976256 1.3912351 1.3939848 1.6356186 2.4762855 2.349591 1.9591267 0.2161989 0.0 0.0 0.0 0.0 0.0 0.0
0.0 0.0 0.0 0.0 0.0 0.0 0.0 0.7452504 0.6719698 0.85159713 0.7113599 0.7077852 0.69513637 0.69513637 0.7560433 0.8197002 0.8713266 1.0380987 1.2824826 1.1372274 0.9804225 1.2230877 1.2192382 0.74456304 0.0 0.0 0.0 0.0 0.0 0.0
0.0 0.0 0.0 0.0 0.0 0.7114286 1.5881858 2.0794282 1.174555 0.7779725 0.69513637 0.69513637 0.69513637 0.69513637 0.69513637 0.69513637 0.69513637 0.83035517 0.8920869 0.74566287 0.48732394 1.333834 1.785274 1.9446905 0.2213548 0.0 0.0 0.0 0.0 0.0
0.0 0.63773537 1.4047087 2.1619205 3.17314 4.6549797 5.5137944 4.9087815 2.777521 1.0952935 0.69513637 0.69513637 0.69513637 0.69513637 0.69513637 0.69513637 0.69513637 0.75501215 0.86445206 0.93800765 0.9874345 1.6572044 2.7583408 3.2945418 2.245994 0.1282071 0.0 0.0 0.0 0.0
1.2526478 3.3358567 5.36902 6.2745814 5.9987817 5.5322175 4.8031225 3.5860147 2.1826127 0.9574623 0.69513637 0.69513637 0.69513637 0.69513637 0.69513637 0.69513637 0.69513637 0.69987965 0.8156441 1.0715772 1.3189852 1.2321624 1.9596081 3.2360406 3.5004294 2.0638235 0.0 0.0 0.0 0.0
1.5923787 3.195826 4.514261 4.382755 3.383634 2.1525028 1.2982934 0.77618504 0.6674327 0.5993764 0.6877121 0.69513637 0.69513637 0.69513637 0.69513637 0.69513637 0.69513637 0.69513637 0.7293707 0.9149789 0.9848223 0.83145523 0.7354888 1.7436839 2.6473196 2.5464728 0.9193095 0.0 0.0 0.0
0.26246354 0.38723335 0.87689465 1.0222875 1.1968967 1.0918562 0.96213675 0.73081416 0.64832187 0.6234366 0.67650676 0.69513637 0.69513637 0.69513637 0.69513637 0.69513637 0.69513637 0.69513637 0.69513637 0.75404984 0.8672706 1.0485479 0.90741664 0.75226223 1.490501 1.4729712 1.4566101 0.0 0.0 0.0
0.0 0.0 0.0 0.0 0.0 0.0687437 0.7029044 0.9549875 0.9458445 0.82025003 0.716447 0.69513637 0.69513637 0.69513637 0.69513637 0.69513637 0.69513637 0.69513637 0.69513637 0.69513637 0.8949056 1.1806731 1.2678399 0.87173873 1.060784 1.0597528 1.3886915 0.27834326 0.0 0.0
0.0 0.0 0.0 0.0 0.0 0.0 0.0 0.0 0.0 0.0 0.30804065 0.5458938 0.6932803 0.69513637 0.69513637 0.69513637 0.69513637 0.69513637 0.69513637 0.69513637 0.784572 0.98269093 1.175586 1.1875472 1.2516166 1.5965724 1.5101615 1.0754266 0.0 0.0
0.0 0.0 0.0 0.0 0.0 0.0 0.0 0.0 0.0 0.0 0.0 0.0 0.0 0.14174974 0.40716907 0.584803 0.65664 0.6932803 0.69513637 0.69513637 0.7235963 0.7324643 0.97595435 1.416464 1.6787902 2.1255553 1.7483584 1.5137362 0.054582503 0.0
0.80670726 1.4906384 2.0160465 2.0838966 1.6121773 0.7130784 0.0 0.0 0.0 0.0 0.0 0.0 0.0 0.0 0.0 0.0 0.0 0.0 0.0 0.10758399 0.38331518 0.6393854 0.9001304 1.2406176 1.5452209 1.909906 2.320306 1.9170552 1.0073701 0.0
1.2263877 2.395993 3.5789344 4.3496203 4.535296 4.2636223 3.7721732 3.0592325 2.1448033 1.2604846 0.60913795 0.25373295 0.0 0.0 0.0 0.0 0.0 0.0 0.0 0.0 0.0 0.0 0.0 0.0 0.0 0.0 0.89298064 0.92673373 0.78876525 0.0
0.690393 1.4234068 2.070354 2.5588467 2.82949 2.9771519 3.0011437 2.8202791 2.407748 1.8266573 1.299256 1.0011144 0.8842503 0.7296457 0.38434616 0.09321641 0.0 0.0 0.0 0.0 0.0 0.0 0.0 0.0 0.0 0.0 0.0 0.0 0.0 0.0
0.16897205 0.49660456 0.58927095 0.60755694 0.630036 0.75563085 0.9214408 1.0532222 1.1072544 1.0264809 0.8814317 0.78890276 0.7538436 0.7339768 0.87077653 1.1512507 1.2382116 1.0375487 0.57016027 0.028184893 0.0 0.0 0.0 0.0 0.0 0.0 0.0 0.0 0.0 0.0
0.0 0.0 0.0 0.036915366 0.33333826 0.41583052 0.46429485 0.50540346 0.54850596 0.5727037 0.6094128 0.6626203 0.71617174 0.79914546 0.97024864 1.1245784 1.265365 1.1920843 1.0086764 0.7493064 0.61903703 0.48622417 0.22561677 0.0 0.0 0.0 0.0 0.0 0.0 0.0
0.0 0.0 0.0 0.0 0.0 0.23785305 0.4356976 0.41768673 0.4138371 0.43542263 0.49729207 0.5573739 0.63801026 0.6880554 0.6653014 0.62962353 0.6954112 0.75659317 0.7522624 0.6306548 0.51509655 0.411981 0.29181695 0.15357341 0.0 0.0 0.0 0.0 0.0 0.0
0.0 0.0 0.0 0.0 0.0 0.0 0.0 0.3144338 0.4853993 0.5209398 0.54238784 0.5690602 0.5821904 0.5328324 0.44917133 0.39967597 0.46023902 0.5665168 0.63718545 0.6493531 0.6028822 0.534276 0.37657794 0.16904077 0.0 0.0 0.0 0.0 0.0 0.0
0.0 0.0 0.0 0.0 0.0 0.0 0.0 0.0 0.0 0.26830673 0.4378973 0.47116935 0.4707569 0.46972576 0.45913914 0.45370847 0.46319497 0.5188087 0.5760723 0.6328546 0.5999263 0.54293776 0.40029463 0.23276612 0.05987573 0.0 0.0 0.0 0.0 0.0

